PdfType: replica
Format: lhagrid1
---
1.00000E-06 1.28121E-06 1.64152E-06 2.10317E-06 2.69463E-06 3.45242E-06 4.42329E-06 5.66715E-06 7.26076E-06 9.30241E-06 1.19180E-05 1.52689E-05 1.95617E-05 2.50609E-05 3.21053E-05 4.11287E-05 5.26863E-05 6.74889E-05 8.64459E-05 1.10720E-04 1.41800E-04 1.81585E-04 2.32503E-04 2.97652E-04 3.80981E-04 4.87518E-04 6.26039E-04 8.00452E-04 1.02297E-03 1.30657E-03 1.66759E-03 2.12729E-03 2.71054E-03 3.44865E-03 4.37927E-03 5.54908E-03 7.01192E-03 8.83064E-03 1.10763E-02 1.38266E-02 1.71641E-02 2.11717E-02 2.59364E-02 3.15062E-02 3.79623E-02 4.53425E-02 5.36750E-02 6.29705E-02 7.32221E-02 8.44039E-02 9.64793E-02 1.09332E-01 1.23067E-01 1.37507E-01 1.52639E-01 1.68416E-01 1.84794E-01 2.01731E-01 2.19016E-01 2.36948E-01 2.55242E-01 2.73927E-01 2.92954E-01 3.12340E-01 3.32036E-01 3.52019E-01 3.72282E-01 3.92772E-01 4.13533E-01 4.34326E-01 4.55495E-01 4.76836E-01 4.98342E-01 5.20006E-01 5.41818E-01 5.63773E-01 5.85861E-01 6.08077E-01 6.30459E-01 6.52800E-01 6.75387E-01 6.98063E-01 7.20830E-01 7.43683E-01 7.66623E-01 7.89636E-01 8.12791E-01 8.35940E-01 8.59175E-01 8.82485E-01 9.05866E-01 9.29311E-01 9.52817E-01 9.76387E-01 1.00000E+00 
1.14018E+00 1.22539E+00 1.32482E+00 1.44156E+00 1.57954E+00 1.74381E+00 1.94091E+00 2.12132E+00 2.17945E+00 2.49622E+00 2.89383E+00 3.39925E+00 4.05063E+00 4.90286E+00 6.03623E+00 7.57063E+00 9.68869E+00 1.26749E+01 1.69835E+01 2.33578E+01 3.30501E+01 4.82334E+01 7.28041E+01 1.13998E+02 1.85779E+02 3.16228E+02 
1 2
-6.31575E-05 1.91922E-07 
-6.18320E-05 1.91216E-07 
-6.04554E-05 1.90484E-07 
-5.90280E-05 1.89724E-07 
-5.75501E-05 1.88937E-07 
-5.60225E-05 1.88123E-07 
-5.44457E-05 1.87284E-07 
-5.31924E-05 1.86617E-07 
-5.28206E-05 1.86419E-07 
-5.10153E-05 1.85457E-07 
-4.91564E-05 1.84468E-07 
-4.72454E-05 1.83450E-07 
-4.52839E-05 1.82406E-07 
-4.32735E-05 1.81336E-07 
-4.12162E-05 1.80240E-07 
-3.91137E-05 1.79121E-07 
-3.69680E-05 1.77978E-07 
-3.47811E-05 1.76814E-07 
-3.25548E-05 1.75629E-07 
-3.02912E-05 1.74424E-07 
-2.79921E-05 1.73200E-07 
-2.56595E-05 1.71958E-07 
-2.32953E-05 1.70699E-07 
-2.09012E-05 1.69424E-07 
-1.84791E-05 1.68135E-07 
-1.60306E-05 1.66831E-07 
-7.19287E-05 2.33431E-07 
-7.04189E-05 2.32573E-07 
-6.88509E-05 2.31682E-07 
-6.72250E-05 2.30758E-07 
-6.55416E-05 2.29801E-07 
-6.38016E-05 2.28813E-07 
-6.20055E-05 2.27792E-07 
-6.05780E-05 2.26981E-07 
-6.01544E-05 2.26740E-07 
-5.80982E-05 2.25572E-07 
-5.59808E-05 2.24369E-07 
-5.38040E-05 2.23132E-07 
-5.15698E-05 2.21863E-07 
-4.92799E-05 2.20561E-07 
-4.69365E-05 2.19230E-07 
-4.45417E-05 2.17869E-07 
-4.20976E-05 2.16480E-07 
-3.96066E-05 2.15065E-07 
-3.70708E-05 2.13624E-07 
-3.44924E-05 2.12159E-07 
-3.18736E-05 2.10671E-07 
-2.92167E-05 2.09161E-07 
-2.65237E-05 2.07631E-07 
-2.37968E-05 2.06082E-07 
-2.10378E-05 2.04514E-07 
-1.82489E-05 2.02929E-07 
-8.19346E-05 2.84121E-07 
-8.02145E-05 2.83078E-07 
-7.84281E-05 2.81994E-07 
-7.65757E-05 2.80870E-07 
-7.46579E-05 2.79707E-07 
-7.26755E-05 2.78504E-07 
-7.06293E-05 2.77263E-07 
-6.90029E-05 2.76276E-07 
-6.85204E-05 2.75983E-07 
-6.61777E-05 2.74562E-07 
-6.37655E-05 2.73098E-07 
-6.12855E-05 2.71594E-07 
-5.87400E-05 2.70050E-07 
-5.61312E-05 2.68467E-07 
-5.34614E-05 2.66847E-07 
-5.07331E-05 2.65192E-07 
-4.79486E-05 2.63503E-07 
-4.51106E-05 2.61781E-07 
-4.22216E-05 2.60028E-07 
-3.92841E-05 2.58246E-07 
-3.63006E-05 2.56436E-07 
-3.32736E-05 2.54600E-07 
-3.02056E-05 2.52738E-07 
-2.70988E-05 2.50853E-07 
-2.39556E-05 2.48946E-07 
-2.07782E-05 2.47019E-07 
-9.33519E-05 3.46104E-07 
-9.13918E-05 3.44833E-07 
-8.93562E-05 3.43514E-07 
-8.72454E-05 3.42146E-07 
-8.50600E-05 3.40729E-07 
-8.28010E-05 3.39265E-07 
-8.04692E-05 3.37754E-07 
-7.86160E-05 3.36553E-07 
-7.80661E-05 3.36196E-07 
-7.53966E-05 3.34466E-07 
-7.26478E-05 3.32685E-07 
-6.98218E-05 3.30853E-07 
-6.69212E-05 3.28973E-07 
-6.39484E-05 3.27046E-07 
-6.09061E-05 3.25075E-07 
-5.77971E-05 3.23059E-07 
-5.46241E-05 3.21003E-07 
-5.13902E-05 3.18907E-07 
-4.80981E-05 3.16773E-07 
-4.47507E-05 3.14604E-07 
-4.13510E-05 3.12400E-07 
-3.79017E-05 3.10165E-07 
-3.44055E-05 3.07899E-07 
-3.08653E-05 3.05604E-07 
-2.72835E-05 3.03283E-07 
-2.36629E-05 3.00936E-07 
-1.06383E-04 4.22000E-07 
-1.04149E-04 4.20452E-07 
-1.01829E-04 4.18844E-07 
-9.94229E-05 4.17178E-07 
-9.69321E-05 4.15452E-07 
-9.43573E-05 4.13668E-07 
-9.16997E-05 4.11827E-07 
-8.95874E-05 4.10363E-07 
-8.89607E-05 4.09929E-07 
-8.59180E-05 4.07821E-07 
-8.27850E-05 4.05650E-07 
-7.95640E-05 4.03418E-07 
-7.62580E-05 4.01128E-07 
-7.28697E-05 3.98780E-07 
-6.94022E-05 3.96378E-07 
-6.58586E-05 3.93923E-07 
-6.22422E-05 3.91417E-07 
-5.85562E-05 3.88863E-07 
-5.48040E-05 3.86264E-07 
-5.09888E-05 3.83620E-07 
-4.71138E-05 3.80935E-07 
-4.31824E-05 3.78212E-07 
-3.91976E-05 3.75451E-07 
-3.51626E-05 3.72655E-07 
-3.10802E-05 3.69827E-07 
-2.69535E-05 3.66967E-07 
-1.21261E-04 5.15095E-07 
-1.18714E-04 5.13208E-07 
-1.16069E-04 5.11247E-07 
-1.13326E-04 5.09214E-07 
-1.10487E-04 5.07109E-07 
-1.07551E-04 5.04934E-07 
-1.04521E-04 5.02688E-07 
-1.02113E-04 5.00903E-07 
-1.01399E-04 5.00373E-07 
-9.79301E-05 4.97802E-07 
-9.43584E-05 4.95155E-07 
-9.06864E-05 4.92433E-07 
-8.69174E-05 4.89640E-07 
-8.30546E-05 4.86776E-07 
-7.91015E-05 4.83846E-07 
-7.50617E-05 4.80852E-07 
-7.09388E-05 4.77796E-07 
-6.67367E-05 4.74681E-07 
-6.24590E-05 4.71511E-07 
-5.81095E-05 4.68287E-07 
-5.36920E-05 4.65013E-07 
-4.92100E-05 4.61691E-07 
-4.46672E-05 4.58323E-07 
-4.00671E-05 4.54914E-07 
-3.54131E-05 4.51464E-07 
-3.07085E-05 4.47977E-07 
-1.38253E-04 6.29513E-07 
-1.35349E-04 6.27208E-07 
-1.32332E-04 6.24814E-07 
-1.29205E-04 6.22332E-07 
-1.25967E-04 6.19762E-07 
-1.22619E-04 6.17106E-07 
-1.19165E-04 6.14363E-07 
-1.16419E-04 6.12184E-07 
-1.15604E-04 6.11538E-07 
-1.11648E-04 6.08398E-07 
-1.07576E-04 6.05166E-07 
-1.03388E-04 6.01843E-07 
-9.90904E-05 5.98431E-07 
-9.46856E-05 5.94936E-07 
-9.01778E-05 5.91358E-07 
-8.55712E-05 5.87702E-07 
-8.08699E-05 5.83971E-07 
-7.60781E-05 5.80168E-07 
-7.12002E-05 5.76296E-07 
-6.62405E-05 5.72360E-07 
-6.12031E-05 5.68362E-07 
-5.60922E-05 5.64306E-07 
-5.09120E-05 5.60194E-07 
-4.56664E-05 5.56031E-07 
-4.03594E-05 5.51819E-07 
-3.49946E-05 5.47561E-07 
-1.57666E-04 7.70463E-07 
-1.54354E-04 7.67645E-07 
-1.50913E-04 7.64718E-07 
-1.47346E-04 7.61683E-07 
-1.43652E-04 7.58541E-07 
-1.39835E-04 7.55293E-07 
-1.35894E-04 7.51941E-07 
-1.32762E-04 7.49276E-07 
-1.31832E-04 7.48486E-07 
-1.27321E-04 7.44648E-07 
-1.22675E-04 7.40696E-07 
-1.17899E-04 7.36633E-07 
-1.12997E-04 7.32462E-07 
-1.07973E-04 7.28188E-07 
-1.02831E-04 7.23814E-07 
-9.75769E-05 7.19344E-07 
-9.22145E-05 7.14783E-07 
-8.67490E-05 7.10133E-07 
-8.11852E-05 7.05400E-07 
-7.55280E-05 7.00587E-07 
-6.97823E-05 6.95699E-07 
-6.39529E-05 6.90740E-07 
-5.80443E-05 6.85714E-07 
-5.20611E-05 6.80624E-07 
-4.60079E-05 6.75474E-07 
-3.98888E-05 6.70269E-07 
-1.79854E-04 9.44567E-07 
-1.76075E-04 9.41116E-07 
-1.72150E-04 9.37533E-07 
-1.68080E-04 9.33817E-07 
-1.63866E-04 9.29970E-07 
-1.59510E-04 9.25993E-07 
-1.55014E-04 9.21888E-07 
-1.51440E-04 9.18625E-07 
-1.50380E-04 9.17657E-07 
-1.45233E-04 9.12958E-07 
-1.39932E-04 9.08119E-07 
-1.34483E-04 9.03144E-07 
-1.28890E-04 8.98037E-07 
-1.23158E-04 8.92804E-07 
-1.17292E-04 8.87448E-07 
-1.11297E-04 8.81975E-07 
-1.05179E-04 8.76389E-07 
-9.89432E-05 8.70696E-07 
-9.25953E-05 8.64900E-07 
-8.61409E-05 8.59008E-07 
-7.95855E-05 8.53022E-07 
-7.29345E-05 8.46950E-07 
-6.61932E-05 8.40795E-07 
-5.93669E-05 8.34563E-07 
-5.24606E-05 8.28258E-07 
-4.54792E-05 8.21884E-07 
-2.05224E-04 1.16030E-06 
-2.00910E-04 1.15606E-06 
-1.96431E-04 1.15167E-06 
-1.91786E-04 1.14711E-06 
-1.86977E-04 1.14239E-06 
-1.82005E-04 1.13751E-06 
-1.76874E-04 1.13248E-06 
-1.72796E-04 1.12848E-06 
-1.71586E-04 1.12729E-06 
-1.65711E-04 1.12152E-06 
-1.59662E-04 1.11559E-06 
-1.53444E-04 1.10949E-06 
-1.47061E-04 1.10322E-06 
-1.40519E-04 1.09680E-06 
-1.33824E-04 1.09023E-06 
-1.26982E-04 1.08352E-06 
-1.20000E-04 1.07667E-06 
-1.12883E-04 1.06969E-06 
-1.05639E-04 1.06258E-06 
-9.82726E-05 1.05535E-06 
-9.07912E-05 1.04801E-06 
-8.32007E-05 1.04056E-06 
-7.55072E-05 1.03301E-06 
-6.77167E-05 1.02536E-06 
-5.98348E-05 1.01763E-06 
-5.18672E-05 1.00981E-06 
-2.34242E-04 1.42857E-06 
-2.29318E-04 1.42337E-06 
-2.24204E-04 1.41797E-06 
-2.18901E-04 1.41237E-06 
-2.13411E-04 1.40657E-06 
-2.07736E-04 1.40057E-06 
-2.01878E-04 1.39438E-06 
-1.97223E-04 1.38946E-06 
-1.95841E-04 1.38800E-06 
-1.89135E-04 1.38092E-06 
-1.82229E-04 1.37362E-06 
-1.75130E-04 1.36612E-06 
-1.67843E-04 1.35842E-06 
-1.60374E-04 1.35053E-06 
-1.52732E-04 1.34246E-06 
-1.44921E-04 1.33421E-06 
-1.36950E-04 1.32578E-06 
-1.28826E-04 1.31720E-06 
-1.20555E-04 1.30846E-06 
-1.12146E-04 1.29958E-06 
-1.03605E-04 1.29056E-06 
-9.49401E-05 1.28140E-06 
-8.61571E-05 1.27212E-06 
-7.72634E-05 1.26273E-06 
-6.82654E-05 1.25322E-06 
-5.91696E-05 1.24361E-06 
-2.67451E-04 1.76361E-06 
-2.61828E-04 1.75720E-06 
-2.55988E-04 1.75054E-06 
-2.49932E-04 1.74364E-06 
-2.43662E-04 1.73649E-06 
-2.37181E-04 1.72911E-06 
-2.30492E-04 1.72148E-06 
-2.25175E-04 1.71542E-06 
-2.23597E-04 1.71362E-06 
-2.15939E-04 1.70489E-06 
-2.08053E-04 1.69591E-06 
-1.99945E-04 1.68666E-06 
-1.91624E-04 1.67718E-06 
-1.83095E-04 1.66746E-06 
-1.74367E-04 1.65751E-06 
-1.65448E-04 1.64734E-06 
-1.56345E-04 1.63697E-06 
-1.47067E-04 1.62639E-06 
-1.37622E-04 1.61563E-06 
-1.28019E-04 1.60468E-06 
-1.18266E-04 1.59356E-06 
-1.08370E-04 1.58229E-06 
-9.83401E-05 1.57085E-06 
-8.81837E-05 1.55928E-06 
-7.79082E-05 1.54756E-06 
-6.75209E-05 1.53572E-06 
-3.05472E-04 2.18403E-06 
-2.99048E-04 2.17611E-06 
-2.92377E-04 2.16789E-06 
-2.85459E-04 2.15936E-06 
-2.78296E-04 2.15053E-06 
-2.70893E-04 2.14141E-06 
-2.63251E-04 2.13199E-06 
-2.57177E-04 2.12450E-06 
-2.55375E-04 2.12228E-06 
-2.46626E-04 2.11149E-06 
-2.37617E-04 2.10039E-06 
-2.28355E-04 2.08897E-06 
-2.18849E-04 2.07725E-06 
-2.09105E-04 2.06524E-06 
-1.99135E-04 2.05295E-06 
-1.88945E-04 2.04039E-06 
-1.78547E-04 2.02757E-06 
-1.67948E-04 2.01451E-06 
-1.57158E-04 2.00121E-06 
-1.46188E-04 1.98768E-06 
-1.35046E-04 1.97395E-06 
-1.23741E-04 1.96002E-06 
-1.12283E-04 1.94589E-06 
-1.00681E-04 1.93159E-06 
-8.89423E-05 1.91712E-06 
-7.70761E-05 1.90249E-06 
-3.49025E-04 2.71451E-06 
-3.41683E-04 2.70469E-06 
-3.34059E-04 2.69450E-06 
-3.26153E-04 2.68393E-06 
-3.17968E-04 2.67299E-06 
-3.09507E-04 2.66168E-06 
-3.00774E-04 2.65000E-06 
-2.93833E-04 2.64072E-06 
-2.91773E-04 2.63797E-06 
-2.81775E-04 2.62460E-06 
-2.71479E-04 2.61084E-06 
-2.60895E-04 2.59669E-06 
-2.50031E-04 2.58216E-06 
-2.38897E-04 2.56728E-06 
-2.27502E-04 2.55204E-06 
-2.15858E-04 2.53648E-06 
-2.03974E-04 2.52059E-06 
-1.91862E-04 2.50440E-06 
-1.79531E-04 2.48791E-06 
-1.66994E-04 2.47115E-06 
-1.54261E-04 2.45413E-06 
-1.41342E-04 2.43686E-06 
-1.28248E-04 2.41935E-06 
-1.14989E-04 2.40163E-06 
-1.01574E-04 2.38369E-06 
-8.80137E-05 2.36556E-06 
-3.98940E-04 3.38803E-06 
-3.90547E-04 3.37582E-06 
-3.81831E-04 3.36314E-06 
-3.72792E-04 3.34999E-06 
-3.63434E-04 3.33638E-06 
-3.53761E-04 3.32231E-06 
-3.43777E-04 3.30778E-06 
-3.35842E-04 3.29624E-06 
-3.33487E-04 3.29281E-06 
-3.22056E-04 3.27618E-06 
-3.10286E-04 3.25906E-06 
-2.98186E-04 3.24146E-06 
-2.85765E-04 3.22339E-06 
-2.73036E-04 3.20487E-06 
-2.60009E-04 3.18592E-06 
-2.46697E-04 3.16655E-06 
-2.33111E-04 3.14679E-06 
-2.19263E-04 3.12665E-06 
-2.05167E-04 3.10614E-06 
-1.90834E-04 3.08529E-06 
-1.76277E-04 3.06411E-06 
-1.61508E-04 3.04263E-06 
-1.46538E-04 3.02085E-06 
-1.31379E-04 2.99880E-06 
-1.16043E-04 2.97649E-06 
-1.00540E-04 2.95393E-06 
-4.56181E-04 4.24917E-06 
-4.46581E-04 4.23392E-06 
-4.36612E-04 4.21807E-06 
-4.26274E-04 4.20165E-06 
-4.15571E-04 4.18464E-06 
-4.04508E-04 4.16706E-06 
-3.93089E-04 4.14891E-06 
-3.84013E-04 4.13449E-06 
-3.81320E-04 4.13021E-06 
-3.68246E-04 4.10943E-06 
-3.54784E-04 4.08804E-06 
-3.40945E-04 4.06605E-06 
-3.26739E-04 4.04347E-06 
-3.12181E-04 4.02034E-06 
-2.97282E-04 3.99666E-06 
-2.82056E-04 3.97246E-06 
-2.66517E-04 3.94777E-06 
-2.50680E-04 3.92260E-06 
-2.34557E-04 3.89698E-06 
-2.18165E-04 3.87093E-06 
-2.01515E-04 3.84447E-06 
-1.84623E-04 3.81763E-06 
-1.67502E-04 3.79042E-06 
-1.50165E-04 3.76287E-06 
-1.32625E-04 3.73500E-06 
-1.14894E-04 3.70682E-06 
-5.21859E-04 5.35874E-06 
-5.10875E-04 5.33958E-06 
-4.99468E-04 5.31969E-06 
-4.87639E-04 5.29907E-06 
-4.75393E-04 5.27771E-06 
-4.62734E-04 5.25564E-06 
-4.49667E-04 5.23286E-06 
-4.39282E-04 5.21475E-06 
-4.36201E-04 5.20937E-06 
-4.21242E-04 5.18329E-06 
-4.05838E-04 5.15643E-06 
-3.90002E-04 5.12882E-06 
-3.73748E-04 5.10048E-06 
-3.57090E-04 5.07143E-06 
-3.40042E-04 5.04170E-06 
-3.22620E-04 5.01132E-06 
-3.04841E-04 4.98032E-06 
-2.86719E-04 4.94872E-06 
-2.68272E-04 4.91655E-06 
-2.49515E-04 4.88385E-06 
-2.30464E-04 4.85063E-06 
-2.11136E-04 4.81693E-06 
-1.91546E-04 4.78277E-06 
-1.71708E-04 4.74817E-06 
-1.51638E-04 4.71318E-06 
-1.31350E-04 4.67780E-06 
-5.97268E-04 6.80057E-06 
-5.84694E-04 6.77639E-06 
-5.71635E-04 6.75127E-06 
-5.58094E-04 6.72523E-06 
-5.44075E-04 6.69827E-06 
-5.29583E-04 6.67040E-06 
-5.14625E-04 6.64163E-06 
-5.02736E-04 6.61877E-06 
-4.99209E-04 6.61198E-06 
-4.82084E-04 6.57905E-06 
-4.64451E-04 6.54514E-06 
-4.46322E-04 6.51027E-06 
-4.27716E-04 6.47449E-06 
-4.08645E-04 6.43781E-06 
-3.89130E-04 6.40028E-06 
-3.69186E-04 6.36192E-06 
-3.48833E-04 6.32278E-06 
-3.28088E-04 6.28288E-06 
-3.06970E-04 6.24227E-06 
-2.85498E-04 6.20097E-06 
-2.63690E-04 6.15903E-06 
-2.41564E-04 6.11648E-06 
-2.19138E-04 6.07335E-06 
-1.96429E-04 6.02968E-06 
-1.73454E-04 5.98549E-06 
-1.50229E-04 5.94082E-06 
-6.83906E-04 8.69135E-06 
-6.69504E-04 8.66062E-06 
-6.54547E-04 8.62871E-06 
-6.39038E-04 8.59562E-06 
-6.22981E-04 8.56136E-06 
-6.06383E-04 8.52595E-06 
-5.89252E-04 8.48939E-06 
-5.75635E-04 8.46034E-06 
-5.71595E-04 8.45172E-06 
-5.51982E-04 8.40987E-06 
-5.31785E-04 8.36678E-06 
-5.11022E-04 8.32248E-06 
-4.89711E-04 8.27701E-06 
-4.67870E-04 8.23041E-06 
-4.45518E-04 8.18272E-06 
-4.22676E-04 8.13399E-06 
-3.99364E-04 8.08425E-06 
-3.75605E-04 8.03355E-06 
-3.51418E-04 7.98195E-06 
-3.26826E-04 7.92948E-06 
-3.01848E-04 7.87619E-06 
-2.76507E-04 7.82212E-06 
-2.50822E-04 7.76732E-06 
-2.24814E-04 7.71182E-06 
-1.98500E-04 7.65568E-06 
-1.71900E-04 7.59893E-06 
-7.83512E-04 1.11949E-05 
-7.67009E-04 1.11556E-05 
-7.49869E-04 1.11148E-05 
-7.32097E-04 1.10724E-05 
-7.13696E-04 1.10286E-05 
-6.94676E-04 1.09833E-05 
-6.75044E-04 1.09365E-05 
-6.59440E-04 1.08993E-05 
-6.54811E-04 1.08883E-05 
-6.32335E-04 1.08347E-05 
-6.09191E-04 1.07796E-05 
-5.85398E-04 1.07229E-05 
-5.60977E-04 1.06647E-05 
-5.35948E-04 1.06051E-05 
-5.10335E-04 1.05440E-05 
-4.84159E-04 1.04817E-05 
-4.57446E-04 1.04180E-05 
-4.30220E-04 1.03531E-05 
-4.02504E-04 1.02871E-05 
-3.74323E-04 1.02200E-05 
-3.45701E-04 1.01518E-05 
-3.16662E-04 1.00826E-05 
-2.87229E-04 1.00124E-05 
-2.57426E-04 9.94142E-06 
-2.27273E-04 9.86958E-06 
-1.96792E-04 9.79695E-06 
-8.98118E-04 1.45437E-05 
-8.79195E-04 1.44930E-05 
-8.59543E-04 1.44403E-05 
-8.39165E-04 1.43857E-05 
-8.18067E-04 1.43291E-05 
-7.96259E-04 1.42707E-05 
-7.73749E-04 1.42104E-05 
-7.55858E-04 1.41624E-05 
-7.50550E-04 1.41482E-05 
-7.24779E-04 1.40791E-05 
-6.98244E-04 1.40080E-05 
-6.70963E-04 1.39348E-05 
-6.42962E-04 1.38598E-05 
-6.14265E-04 1.37829E-05 
-5.84897E-04 1.37041E-05 
-5.54885E-04 1.36237E-05 
-5.24257E-04 1.35416E-05 
-4.93040E-04 1.34579E-05 
-4.61262E-04 1.33728E-05 
-4.28951E-04 1.32861E-05 
-3.96135E-04 1.31982E-05 
-3.62841E-04 1.31089E-05 
-3.29095E-04 1.30185E-05 
-2.94923E-04 1.29269E-05 
-2.60352E-04 1.28342E-05 
-2.25405E-04 1.27405E-05 
-1.03007E-03 1.90693E-05 
-1.00836E-03 1.90033E-05 
-9.85817E-04 1.89347E-05 
-9.62438E-04 1.88637E-05 
-9.38234E-04 1.87901E-05 
-9.13214E-04 1.87140E-05 
-8.87389E-04 1.86355E-05 
-8.66864E-04 1.85731E-05 
-8.60774E-04 1.85546E-05 
-8.31209E-04 1.84648E-05 
-8.00765E-04 1.83722E-05 
-7.69468E-04 1.82771E-05 
-7.37344E-04 1.81794E-05 
-7.04422E-04 1.80794E-05 
-6.70730E-04 1.79770E-05 
-6.36299E-04 1.78723E-05 
-6.01162E-04 1.77655E-05 
-5.65349E-04 1.76566E-05 
-5.28892E-04 1.75458E-05 
-4.91824E-04 1.74331E-05 
-4.54177E-04 1.73187E-05 
-4.15981E-04 1.72026E-05 
-3.77267E-04 1.70849E-05 
-3.38066E-04 1.69658E-05 
-2.98405E-04 1.68452E-05 
-2.58314E-04 1.67233E-05 
-1.18213E-03 2.52487E-05 
-1.15720E-03 2.51621E-05 
-1.13132E-03 2.50721E-05 
-1.10448E-03 2.49788E-05 
-1.07670E-03 2.48821E-05 
-1.04797E-03 2.47823E-05 
-1.01833E-03 2.46792E-05 
-9.94765E-04 2.45973E-05 
-9.87774E-04 2.45730E-05 
-9.53834E-04 2.44549E-05 
-9.18887E-04 2.43334E-05 
-8.82959E-04 2.42085E-05 
-8.46082E-04 2.40803E-05 
-8.08289E-04 2.39489E-05 
-7.69612E-04 2.38144E-05 
-7.30088E-04 2.36769E-05 
-6.89753E-04 2.35367E-05 
-6.48642E-04 2.33937E-05 
-6.06792E-04 2.32482E-05 
-5.64241E-04 2.31003E-05 
-5.21025E-04 2.29500E-05 
-4.77180E-04 2.27975E-05 
-4.32740E-04 2.26430E-05 
-3.87740E-04 2.24866E-05 
-3.42214E-04 2.23283E-05 
-2.96194E-04 2.21682E-05 
-1.35748E-03 3.37729E-05 
-1.32885E-03 3.36580E-05 
-1.29911E-03 3.35386E-05 
-1.26828E-03 3.34148E-05 
-1.23636E-03 3.32867E-05 
-1.20337E-03 3.31543E-05 
-1.16932E-03 3.30176E-05 
-1.14225E-03 3.29089E-05 
-1.13422E-03 3.28767E-05 
-1.09523E-03 3.27202E-05 
-1.05509E-03 3.25590E-05 
-1.01382E-03 3.23933E-05 
-9.71458E-04 3.22233E-05 
-9.28045E-04 3.20490E-05 
-8.83618E-04 3.18707E-05 
-8.38217E-04 3.16884E-05 
-7.91885E-04 3.15024E-05 
-7.44662E-04 3.13129E-05 
-6.96591E-04 3.11199E-05 
-6.47715E-04 3.09237E-05 
-5.98074E-04 3.07244E-05 
-5.47711E-04 3.05223E-05 
-4.96666E-04 3.03174E-05 
-4.44978E-04 3.01099E-05 
-3.92685E-04 2.98999E-05 
-3.39825E-04 2.96877E-05 
-1.55985E-03 4.56468E-05 
-1.52694E-03 4.54928E-05 
-1.49277E-03 4.53329E-05 
-1.45733E-03 4.51671E-05 
-1.42064E-03 4.49954E-05 
-1.38271E-03 4.48180E-05 
-1.34356E-03 4.46348E-05 
-1.31245E-03 4.44892E-05 
-1.30322E-03 4.44460E-05 
-1.25841E-03 4.42363E-05 
-1.21226E-03 4.40204E-05 
-1.16482E-03 4.37985E-05 
-1.11613E-03 4.35706E-05 
-1.06623E-03 4.33371E-05 
-1.01516E-03 4.30982E-05 
-9.62974E-04 4.28540E-05 
-9.09718E-04 4.26048E-05 
-8.55438E-04 4.23509E-05 
-8.00184E-04 4.20923E-05 
-7.44004E-04 4.18295E-05 
-6.86947E-04 4.15625E-05 
-6.29060E-04 4.12916E-05 
-5.70388E-04 4.10171E-05 
-5.10978E-04 4.07391E-05 
-4.50874E-04 4.04579E-05 
-3.90118E-04 4.01736E-05 
-1.79362E-03 6.23400E-05 
-1.75576E-03 6.21315E-05 
-1.71644E-03 6.19149E-05 
-1.67567E-03 6.16904E-05 
-1.63347E-03 6.14580E-05 
-1.58984E-03 6.12177E-05 
-1.54481E-03 6.09697E-05 
-1.50902E-03 6.07726E-05 
-1.49840E-03 6.07141E-05 
-1.44685E-03 6.04302E-05 
-1.39377E-03 6.01379E-05 
-1.33920E-03 5.98373E-05 
-1.28319E-03 5.95289E-05 
-1.22579E-03 5.92127E-05 
-1.16705E-03 5.88892E-05 
-1.10703E-03 5.85586E-05 
-1.04577E-03 5.82213E-05 
-9.83334E-04 5.78774E-05 
-9.19780E-04 5.75274E-05 
-8.55161E-04 5.71715E-05 
-7.89533E-04 5.68101E-05 
-7.22951E-04 5.64434E-05 
-6.55468E-04 5.60717E-05 
-5.87137E-04 5.56954E-05 
-5.18007E-04 5.53146E-05 
-4.48128E-04 5.49298E-05 
-2.06834E-03 8.64449E-05 
-2.02466E-03 8.61582E-05 
-1.97930E-03 8.58605E-05 
-1.93227E-03 8.55517E-05 
-1.88358E-03 8.52321E-05 
-1.83324E-03 8.49017E-05 
-1.78129E-03 8.45607E-05 
-1.74001E-03 8.42897E-05 
-1.72776E-03 8.42092E-05 
-1.66828E-03 8.38189E-05 
-1.60705E-03 8.34169E-05 
-1.54409E-03 8.30036E-05 
-1.47948E-03 8.25795E-05 
-1.41326E-03 8.21448E-05 
-1.34550E-03 8.17000E-05 
-1.27625E-03 8.12455E-05 
-1.20559E-03 8.07816E-05 
-1.13357E-03 8.03088E-05 
-1.06025E-03 7.98276E-05 
-9.85711E-04 7.93382E-05 
-9.10008E-04 7.88413E-05 
-8.33204E-04 7.83371E-05 
-7.55362E-04 7.78262E-05 
-6.76542E-04 7.73088E-05 
-5.96802E-04 7.67853E-05 
-5.16198E-04 7.62562E-05 
-2.38148E-03 1.20429E-04 
-2.33116E-03 1.20032E-04 
-2.27891E-03 1.19621E-04 
-2.22472E-03 1.19194E-04 
-2.16863E-03 1.18752E-04 
-2.11065E-03 1.18295E-04 
-2.05081E-03 1.17824E-04 
-2.00325E-03 1.17449E-04 
-1.98913E-03 1.17338E-04 
-1.92063E-03 1.16798E-04 
-1.85009E-03 1.16242E-04 
-1.77757E-03 1.15671E-04 
-1.70315E-03 1.15085E-04 
-1.62687E-03 1.14484E-04 
-1.54882E-03 1.13869E-04 
-1.46906E-03 1.13241E-04 
-1.38766E-03 1.12599E-04 
-1.30470E-03 1.11946E-04 
-1.22026E-03 1.11281E-04 
-1.13441E-03 1.10604E-04 
-1.04721E-03 1.09917E-04 
-9.58755E-04 1.09220E-04 
-8.69101E-04 1.08514E-04 
-7.78322E-04 1.07799E-04 
-6.86485E-04 1.07075E-04 
-5.93655E-04 1.06344E-04 
-2.74393E-03 1.69300E-04 
-2.68592E-03 1.68747E-04 
-2.62568E-03 1.68172E-04 
-2.56321E-03 1.67576E-04 
-2.49855E-03 1.66959E-04 
-2.43171E-03 1.66321E-04 
-2.36272E-03 1.65663E-04 
-2.30789E-03 1.65140E-04 
-2.29162E-03 1.64984E-04 
-2.21265E-03 1.64231E-04 
-2.13133E-03 1.63455E-04 
-2.04774E-03 1.62657E-04 
-1.96194E-03 1.61839E-04 
-1.87402E-03 1.61000E-04 
-1.78405E-03 1.60141E-04 
-1.69211E-03 1.59264E-04 
-1.59829E-03 1.58369E-04 
-1.50267E-03 1.57456E-04 
-1.40534E-03 1.56528E-04 
-1.30638E-03 1.55583E-04 
-1.20588E-03 1.54625E-04 
-1.10393E-03 1.53652E-04 
-1.00060E-03 1.52666E-04 
-8.95971E-04 1.51667E-04 
-7.90129E-04 1.50658E-04 
-6.83144E-04 1.49637E-04 
-3.16368E-03 2.39973E-04 
-3.09675E-03 2.39193E-04 
-3.02725E-03 2.38383E-04 
-2.95518E-03 2.37543E-04 
-2.88058E-03 2.36673E-04 
-2.80346E-03 2.35774E-04 
-2.72387E-03 2.34847E-04 
-2.66062E-03 2.34109E-04 
-2.64185E-03 2.33891E-04 
-2.55074E-03 2.32829E-04 
-2.45693E-03 2.31735E-04 
-2.36050E-03 2.30611E-04 
-2.26153E-03 2.29457E-04 
-2.16011E-03 2.28275E-04 
-2.05632E-03 2.27066E-04 
-1.95027E-03 2.25829E-04 
-1.84205E-03 2.24568E-04 
-1.73175E-03 2.23282E-04 
-1.61949E-03 2.21974E-04 
-1.50535E-03 2.20643E-04 
-1.38944E-03 2.19292E-04 
-1.27185E-03 2.17922E-04 
-1.15267E-03 2.16532E-04 
-1.03201E-03 2.15126E-04 
-9.09944E-04 2.13703E-04 
-7.86563E-04 2.12265E-04 
-3.65000E-03 3.42637E-04 
-3.57272E-03 3.41528E-04 
-3.49247E-03 3.40376E-04 
-3.40927E-03 3.39182E-04 
-3.32313E-03 3.37946E-04 
-3.23410E-03 3.36668E-04 
-3.14221E-03 3.35349E-04 
-3.06918E-03 3.34301E-04 
-3.04751E-03 3.33990E-04 
-2.94233E-03 3.32481E-04 
-2.83404E-03 3.30926E-04 
-2.72271E-03 3.29329E-04 
-2.60846E-03 3.27689E-04 
-2.49138E-03 3.26009E-04 
-2.37158E-03 3.24289E-04 
-2.24916E-03 3.22533E-04 
-2.12425E-03 3.20740E-04 
-1.99694E-03 3.18913E-04 
-1.86736E-03 3.17053E-04 
-1.73563E-03 3.15162E-04 
-1.60185E-03 3.13242E-04 
-1.46613E-03 3.11295E-04 
-1.32860E-03 3.09321E-04 
-1.18934E-03 3.07322E-04 
-1.04848E-03 3.05300E-04 
-9.06100E-04 3.03257E-04 
-4.21449E-03 4.92555E-04 
-4.12518E-03 4.90965E-04 
-4.03244E-03 4.89314E-04 
-3.93628E-03 4.87602E-04 
-3.83674E-03 4.85830E-04 
-3.73385E-03 4.83999E-04 
-3.62767E-03 4.82108E-04 
-3.54328E-03 4.80606E-04 
-3.51824E-03 4.80161E-04 
-3.39671E-03 4.77997E-04 
-3.27157E-03 4.75769E-04 
-3.14294E-03 4.73480E-04 
-3.01094E-03 4.71130E-04 
-2.87567E-03 4.68722E-04 
-2.73725E-03 4.66258E-04 
-2.59582E-03 4.63740E-04 
-2.45151E-03 4.61171E-04 
-2.30444E-03 4.58553E-04 
-2.15476E-03 4.55888E-04 
-2.00258E-03 4.53179E-04 
-1.84805E-03 4.50428E-04 
-1.69129E-03 4.47638E-04 
-1.53244E-03 4.44810E-04 
-1.37160E-03 4.41947E-04 
-1.20891E-03 4.39051E-04 
-1.04448E-03 4.36123E-04 
-4.86847E-03 7.11573E-04 
-4.76519E-03 7.09278E-04 
-4.65794E-03 7.06896E-04 
-4.54675E-03 7.04426E-04 
-4.43165E-03 7.01869E-04 
-4.31268E-03 6.99226E-04 
-4.18991E-03 6.96498E-04 
-4.09234E-03 6.94331E-04 
-4.06339E-03 6.93688E-04 
-3.92287E-03 6.90566E-04 
-3.77820E-03 6.87352E-04 
-3.62950E-03 6.84049E-04 
-3.47689E-03 6.80659E-04 
-3.32052E-03 6.77185E-04 
-3.16052E-03 6.73630E-04 
-2.99704E-03 6.69999E-04 
-2.83024E-03 6.66293E-04 
-2.66026E-03 6.62517E-04 
-2.48726E-03 6.58674E-04 
-2.31139E-03 6.54767E-04 
-2.13281E-03 6.50799E-04 
-1.95166E-03 6.46775E-04 
-1.76809E-03 6.42697E-04 
-1.58225E-03 6.38568E-04 
-1.39427E-03 6.34392E-04 
-1.20429E-03 6.30172E-04 
-5.62552E-03 1.03168E-03 
-5.50602E-03 1.02836E-03 
-5.38195E-03 1.02490E-03 
-5.25332E-03 1.02131E-03 
-5.12016E-03 1.01760E-03 
-4.98254E-03 1.01377E-03 
-4.84052E-03 1.00981E-03 
-4.72766E-03 1.00667E-03 
-4.69417E-03 1.00573E-03 
-4.53164E-03 1.00120E-03 
-4.36431E-03 9.96542E-04 
-4.19233E-03 9.91750E-04 
-4.01584E-03 9.86832E-04 
-3.83501E-03 9.81794E-04 
-3.64999E-03 9.76638E-04 
-3.46095E-03 9.71371E-04 
-3.26808E-03 9.65996E-04 
-3.07155E-03 9.60520E-04 
-2.87154E-03 9.54947E-04 
-2.66823E-03 9.49282E-04 
-2.46179E-03 9.43529E-04 
-2.25239E-03 9.37695E-04 
-2.04022E-03 9.31782E-04 
-1.82542E-03 9.25797E-04 
-1.60817E-03 9.19743E-04 
-1.38862E-03 9.13626E-04 
-6.50022E-03 1.49877E-03 
-6.36194E-03 1.49392E-03 
-6.21836E-03 1.48888E-03 
-6.06952E-03 1.48366E-03 
-5.91544E-03 1.47825E-03 
-5.75621E-03 1.47266E-03 
-5.59190E-03 1.46690E-03 
-5.46133E-03 1.46232E-03 
-5.42259E-03 1.46096E-03 
-5.23456E-03 1.45436E-03 
-5.04100E-03 1.44757E-03 
-4.84207E-03 1.44059E-03 
-4.63794E-03 1.43342E-03 
-4.42878E-03 1.42609E-03 
-4.21481E-03 1.41858E-03 
-3.99621E-03 1.41091E-03 
-3.77319E-03 1.40308E-03 
-3.54595E-03 1.39511E-03 
-3.31470E-03 1.38699E-03 
-3.07965E-03 1.37875E-03 
-2.84100E-03 1.37037E-03 
-2.59895E-03 1.36188E-03 
-2.35371E-03 1.35327E-03 
-2.10546E-03 1.34456E-03 
-1.85439E-03 1.33575E-03 
-1.60068E-03 1.32685E-03 
-7.50960E-03 2.17899E-03 
-7.34956E-03 2.17190E-03 
-7.18340E-03 2.16454E-03 
-7.01114E-03 2.15690E-03 
-6.83285E-03 2.14900E-03 
-6.64860E-03 2.14083E-03 
-6.45848E-03 2.13241E-03 
-6.30742E-03 2.12571E-03 
-6.26260E-03 2.12373E-03 
-6.04507E-03 2.11408E-03 
-5.82116E-03 2.10416E-03 
-5.59105E-03 2.09396E-03 
-5.35494E-03 2.08350E-03 
-5.11305E-03 2.07278E-03 
-4.86560E-03 2.06181E-03 
-4.61282E-03 2.05061E-03 
-4.35495E-03 2.03918E-03 
-4.09223E-03 2.02753E-03 
-3.82489E-03 2.01568E-03 
-3.55319E-03 2.00364E-03 
-3.27735E-03 1.99142E-03 
-2.99761E-03 1.97902E-03 
-2.71420E-03 1.96646E-03 
-2.42734E-03 1.95374E-03 
-2.13725E-03 1.94088E-03 
-1.84414E-03 1.92789E-03 
-8.67030E-03 3.16456E-03 
-8.48512E-03 3.15417E-03 
-8.29287E-03 3.14339E-03 
-8.09358E-03 3.13221E-03 
-7.88733E-03 3.12064E-03 
-7.67420E-03 3.10869E-03 
-7.45429E-03 3.09636E-03 
-7.27957E-03 3.08656E-03 
-7.22774E-03 3.08365E-03 
-6.97618E-03 3.06954E-03 
-6.71726E-03 3.05502E-03 
-6.45118E-03 3.04009E-03 
-6.17821E-03 3.02478E-03 
-5.89858E-03 3.00910E-03 
-5.61255E-03 2.99305E-03 
-5.32039E-03 2.97666E-03 
-5.02238E-03 2.95995E-03 
-4.71879E-03 2.94292E-03 
-4.40991E-03 2.92559E-03 
-4.09601E-03 2.90799E-03 
-3.77737E-03 2.89011E-03 
-3.45426E-03 2.87199E-03 
-3.12696E-03 2.85363E-03 
-2.79571E-03 2.83505E-03 
-2.46077E-03 2.81626E-03 
-2.12239E-03 2.79728E-03 
-9.99936E-03 4.58279E-03 
-9.78523E-03 4.56757E-03 
-9.56295E-03 4.55178E-03 
-9.33255E-03 4.53542E-03 
-9.09412E-03 4.51848E-03 
-8.84776E-03 4.50097E-03 
-8.59360E-03 4.48292E-03 
-8.39167E-03 4.46857E-03 
-8.33177E-03 4.46432E-03 
-8.04108E-03 4.44367E-03 
-7.74191E-03 4.42241E-03 
-7.43452E-03 4.40057E-03 
-7.11919E-03 4.37817E-03 
-6.79621E-03 4.35522E-03 
-6.46589E-03 4.33176E-03 
-6.12852E-03 4.30779E-03 
-5.78445E-03 4.28334E-03 
-5.43399E-03 4.25844E-03 
-5.07746E-03 4.23311E-03 
-4.71519E-03 4.20737E-03 
-4.34750E-03 4.18125E-03 
-3.97472E-03 4.15476E-03 
-3.59714E-03 4.12793E-03 
-3.21507E-03 4.10078E-03 
-2.82881E-03 4.07334E-03 
-2.43862E-03 4.04562E-03 
-1.15128E-02 6.60502E-03 
-1.12655E-02 6.58277E-03 
-1.10088E-02 6.55968E-03 
-1.07427E-02 6.53575E-03 
-1.04674E-02 6.51098E-03 
-1.01830E-02 6.48540E-03 
-9.88962E-03 6.45900E-03 
-9.65655E-03 6.43804E-03 
-9.58742E-03 6.43182E-03 
-9.25194E-03 6.40164E-03 
-8.90673E-03 6.37058E-03 
-8.55208E-03 6.33868E-03 
-8.18834E-03 6.30595E-03 
-7.81581E-03 6.27244E-03 
-7.43488E-03 6.23817E-03 
-7.04589E-03 6.20317E-03 
-6.64923E-03 6.16748E-03 
-6.24527E-03 6.13114E-03 
-5.83439E-03 6.09417E-03 
-5.41697E-03 6.05661E-03 
-4.99338E-03 6.01850E-03 
-4.56399E-03 5.97986E-03 
-4.12916E-03 5.94074E-03 
-3.68924E-03 5.90115E-03 
-3.24457E-03 5.86114E-03 
-2.79547E-03 5.82073E-03 
-1.32241E-02 9.45492E-03 
-1.29389E-02 9.42248E-03 
-1.26430E-02 9.38882E-03 
-1.23363E-02 9.35394E-03 
-1.20190E-02 9.31784E-03 
-1.16912E-02 9.28056E-03 
-1.13532E-02 9.24211E-03 
-1.10847E-02 9.21156E-03 
-1.10050E-02 9.20250E-03 
-1.06186E-02 9.15854E-03 
-1.02210E-02 9.11332E-03 
-9.81266E-03 9.06686E-03 
-9.39389E-03 9.01922E-03 
-8.96511E-03 8.97044E-03 
-8.52672E-03 8.92056E-03 
-8.07916E-03 8.86964E-03 
-7.62285E-03 8.81773E-03 
-7.15825E-03 8.76486E-03 
-6.68578E-03 8.71111E-03 
-6.20590E-03 8.65650E-03 
-5.71902E-03 8.60110E-03 
-5.22559E-03 8.54495E-03 
-4.72602E-03 8.48810E-03 
-4.22072E-03 8.43060E-03 
-3.71007E-03 8.37249E-03 
-3.19446E-03 8.31381E-03 
-1.51426E-02 1.34149E-02 
-1.48146E-02 1.33678E-02 
-1.44742E-02 1.33190E-02 
-1.41215E-02 1.32684E-02 
-1.37567E-02 1.32160E-02 
-1.33799E-02 1.31620E-02 
-1.29914E-02 1.31062E-02 
-1.26828E-02 1.30620E-02 
-1.25913E-02 1.30488E-02 
-1.21473E-02 1.29851E-02 
-1.16907E-02 1.29196E-02 
-1.12217E-02 1.28523E-02 
-1.07409E-02 1.27833E-02 
-1.02487E-02 1.27127E-02 
-9.74557E-03 1.26405E-02 
-9.23205E-03 1.25668E-02 
-8.70863E-03 1.24916E-02 
-8.17583E-03 1.24152E-02 
-7.63414E-03 1.23374E-02 
-7.08409E-03 1.22585E-02 
-6.52617E-03 1.21784E-02 
-5.96090E-03 1.20972E-02 
-5.38874E-03 1.20151E-02 
-4.81017E-03 1.19320E-02 
-4.22565E-03 1.18481E-02 
-3.63562E-03 1.17634E-02 
-1.72712E-02 1.88250E-02 
-1.68951E-02 1.87572E-02 
-1.65048E-02 1.86868E-02 
-1.61005E-02 1.86139E-02 
-1.56824E-02 1.85385E-02 
-1.52507E-02 1.84607E-02 
-1.48055E-02 1.83804E-02 
-1.44521E-02 1.83167E-02 
-1.43473E-02 1.82978E-02 
-1.38389E-02 1.82061E-02 
-1.33161E-02 1.81118E-02 
-1.27794E-02 1.80150E-02 
-1.22292E-02 1.79158E-02 
-1.16662E-02 1.78143E-02 
-1.10909E-02 1.77105E-02 
-1.05038E-02 1.76046E-02 
-9.90555E-03 1.74966E-02 
-9.29678E-03 1.73868E-02 
-8.67805E-03 1.72752E-02 
-8.04996E-03 1.71618E-02 
-7.41310E-03 1.70469E-02 
-6.76803E-03 1.69305E-02 
-6.11533E-03 1.68127E-02 
-5.45553E-03 1.66936E-02 
-4.78917E-03 1.65733E-02 
-4.11675E-03 1.64519E-02 
-1.96086E-02 2.60867E-02 
-1.91787E-02 2.59898E-02 
-1.87329E-02 2.58893E-02 
-1.82712E-02 2.57851E-02 
-1.77938E-02 2.56774E-02 
-1.73009E-02 2.55663E-02 
-1.67929E-02 2.54517E-02 
-1.63896E-02 2.53607E-02 
-1.62701E-02 2.53337E-02 
-1.56902E-02 2.52029E-02 
-1.50940E-02 2.50684E-02 
-1.44821E-02 2.49303E-02 
-1.38552E-02 2.47888E-02 
-1.32138E-02 2.46440E-02 
-1.25585E-02 2.44961E-02 
-1.18902E-02 2.43452E-02 
-1.12093E-02 2.41915E-02 
-1.05168E-02 2.40352E-02 
-9.81313E-03 2.38763E-02 
-9.09910E-03 2.37150E-02 
-8.37537E-03 2.35516E-02 
-7.64261E-03 2.33860E-02 
-6.90145E-03 2.32186E-02 
-6.15253E-03 2.30494E-02 
-5.39646E-03 2.28785E-02 
-4.63383E-03 2.27062E-02 
-2.21292E-02 3.55808E-02 
-2.16405E-02 3.54439E-02 
-2.11337E-02 3.53018E-02 
-2.06090E-02 3.51547E-02 
-2.00666E-02 3.50027E-02 
-1.95068E-02 3.48458E-02 
-1.89300E-02 3.46840E-02 
-1.84722E-02 3.45557E-02 
-1.83365E-02 3.45176E-02 
-1.76785E-02 3.43331E-02 
-1.70023E-02 3.41434E-02 
-1.63084E-02 3.39488E-02 
-1.55978E-02 3.37494E-02 
-1.48710E-02 3.35455E-02 
-1.41289E-02 3.33372E-02 
-1.33722E-02 3.31248E-02 
-1.26017E-02 3.29085E-02 
-1.18182E-02 3.26886E-02 
-1.10226E-02 3.24651E-02 
-1.02155E-02 3.22385E-02 
-9.39789E-03 3.20088E-02 
-8.57041E-03 3.17763E-02 
-7.73383E-03 3.15413E-02 
-6.88889E-03 3.13038E-02 
-6.03628E-03 3.10642E-02 
-5.17667E-03 3.08225E-02 
-2.48195E-02 4.77578E-02 
-2.42666E-02 4.75665E-02 
-2.36934E-02 4.73682E-02 
-2.31001E-02 4.71629E-02 
-2.24870E-02 4.69507E-02 
-2.18545E-02 4.67317E-02 
-2.12029E-02 4.65062E-02 
-2.06860E-02 4.63272E-02 
-2.05328E-02 4.62742E-02 
-1.97901E-02 4.60169E-02 
-1.90271E-02 4.57527E-02 
-1.82446E-02 4.54816E-02 
-1.74435E-02 4.52040E-02 
-1.66246E-02 4.49202E-02 
-1.57887E-02 4.46304E-02 
-1.49368E-02 4.43351E-02 
-1.40699E-02 4.40344E-02 
-1.31887E-02 4.37288E-02 
-1.22943E-02 4.34185E-02 
-1.13876E-02 4.31038E-02 
-1.04694E-02 4.27851E-02 
-9.54065E-03 4.24627E-02 
-8.60219E-03 4.21368E-02 
-7.65486E-03 4.18077E-02 
-6.69944E-03 4.14758E-02 
-5.73672E-03 4.11412E-02 
-2.76424E-02 6.29796E-02 
-2.70204E-02 6.27160E-02 
-2.63758E-02 6.24429E-02 
-2.57089E-02 6.21602E-02 
-2.50199E-02 6.18681E-02 
-2.43094E-02 6.15668E-02 
-2.35778E-02 6.12565E-02 
-2.29975E-02 6.10103E-02 
-2.28256E-02 6.09374E-02 
-2.19923E-02 6.05838E-02 
-2.11367E-02 6.02206E-02 
-2.02597E-02 5.98483E-02 
-1.93622E-02 5.94671E-02 
-1.84452E-02 5.90776E-02 
-1.75098E-02 5.86801E-02 
-1.65570E-02 5.82751E-02 
-1.55878E-02 5.78631E-02 
-1.46033E-02 5.74444E-02 
-1.36045E-02 5.70195E-02 
-1.25926E-02 5.65888E-02 
-1.15685E-02 5.61528E-02 
-1.05332E-02 5.57120E-02 
-9.48775E-03 5.52666E-02 
-8.43307E-03 5.48171E-02 
-7.37006E-03 5.43640E-02 
-6.29961E-03 5.39075E-02 
-3.05557E-02 8.15311E-02 
-2.98602E-02 8.11732E-02 
-2.91398E-02 8.08025E-02 
-2.83947E-02 8.04189E-02 
-2.76253E-02 8.00227E-02 
-2.68322E-02 7.96142E-02 
-2.60159E-02 7.91936E-02 
-2.53688E-02 7.88601E-02 
-2.51771E-02 7.87613E-02 
-2.42483E-02 7.82824E-02 
-2.32951E-02 7.77908E-02 
-2.23186E-02 7.72870E-02 
-2.13198E-02 7.67715E-02 
-2.03000E-02 7.62449E-02 
-1.92602E-02 7.57079E-02 
-1.82017E-02 7.51609E-02 
-1.71258E-02 7.46047E-02 
-1.60335E-02 7.40398E-02 
-1.49261E-02 7.34668E-02 
-1.38049E-02 7.28865E-02 
-1.26710E-02 7.22992E-02 
-1.15254E-02 7.17057E-02 
-1.03694E-02 7.11065E-02 
-9.20404E-03 7.05021E-02 
-8.03029E-03 6.98931E-02 
-6.84918E-03 6.92800E-02 
-3.35099E-02 1.03563E-01 
-3.27373E-02 1.03084E-01 
-3.19373E-02 1.02589E-01 
-3.11104E-02 1.02077E-01 
-3.02568E-02 1.01548E-01 
-2.93774E-02 1.01002E-01 
-2.84727E-02 1.00441E-01 
-2.77559E-02 9.99965E-02 
-2.75436E-02 9.98648E-02 
-2.65153E-02 9.92265E-02 
-2.54606E-02 9.85715E-02 
-2.43808E-02 9.79005E-02 
-2.32771E-02 9.72144E-02 
-2.21509E-02 9.65139E-02 
-2.10034E-02 9.57998E-02 
-1.98360E-02 9.50729E-02 
-1.86502E-02 9.43341E-02 
-1.74473E-02 9.35843E-02 
-1.62287E-02 9.28242E-02 
-1.49957E-02 9.20547E-02 
-1.37496E-02 9.12765E-02 
-1.24918E-02 9.04906E-02 
-1.12235E-02 8.96975E-02 
-9.94589E-03 8.88982E-02 
-8.66016E-03 8.80932E-02 
-7.36742E-03 8.72833E-02 
-3.64502E-02 1.29051E-01 
-3.55977E-02 1.28422E-01 
-3.47154E-02 1.27771E-01 
-3.38037E-02 1.27098E-01 
-3.28632E-02 1.26403E-01 
-3.18947E-02 1.25687E-01 
-3.08990E-02 1.24951E-01 
-3.01104E-02 1.24367E-01 
-2.98769E-02 1.24195E-01 
-2.87465E-02 1.23358E-01 
-2.75878E-02 1.22499E-01 
-2.64023E-02 1.21621E-01 
-2.51915E-02 1.20722E-01 
-2.39567E-02 1.19806E-01 
-2.26997E-02 1.18872E-01 
-2.14218E-02 1.17922E-01 
-2.01247E-02 1.16957E-01 
-1.88100E-02 1.15979E-01 
-1.74791E-02 1.14987E-01 
-1.61337E-02 1.13984E-01 
-1.47752E-02 1.12970E-01 
-1.34050E-02 1.11947E-01 
-1.20246E-02 1.10916E-01 
-1.06353E-02 1.09876E-01 
-9.23840E-03 1.08830E-01 
-7.83516E-03 1.07779E-01 
-3.93185E-02 1.57768E-01 
-3.83841E-02 1.56955E-01 
-3.74176E-02 1.56113E-01 
-3.64194E-02 1.55243E-01 
-3.53903E-02 1.54346E-01 
-3.43312E-02 1.53422E-01 
-3.32429E-02 1.52472E-01 
-3.23815E-02 1.51719E-01 
-3.21266E-02 1.51497E-01 
-3.08927E-02 1.50418E-01 
-2.96289E-02 1.49312E-01 
-2.83369E-02 1.48181E-01 
-2.70182E-02 1.47025E-01 
-2.56746E-02 1.45846E-01 
-2.43077E-02 1.44646E-01 
-2.29194E-02 1.43426E-01 
-2.15115E-02 1.42188E-01 
-2.00856E-02 1.40932E-01 
-1.86435E-02 1.39661E-01 
-1.71869E-02 1.38376E-01 
-1.57176E-02 1.37079E-01 
-1.42370E-02 1.35770E-01 
-1.27467E-02 1.34451E-01 
-1.12484E-02 1.33123E-01 
-9.74333E-03 1.31788E-01 
-8.23294E-03 1.30447E-01 
-4.20572E-02 1.89289E-01 
-4.10401E-02 1.88255E-01 
-3.99885E-02 1.87185E-01 
-3.89031E-02 1.86081E-01 
-3.77848E-02 1.84942E-01 
-3.66347E-02 1.83769E-01 
-3.54537E-02 1.82564E-01 
-3.45194E-02 1.81610E-01 
-3.42430E-02 1.81328E-01 
-3.29058E-02 1.79961E-01 
-3.15374E-02 1.78561E-01 
-3.01394E-02 1.77129E-01 
-2.87138E-02 1.75667E-01 
-2.72625E-02 1.74178E-01 
-2.57874E-02 1.72662E-01 
-2.42906E-02 1.71122E-01 
-2.27739E-02 1.69560E-01 
-2.12394E-02 1.67977E-01 
-1.96889E-02 1.66377E-01 
-1.81245E-02 1.64759E-01 
-1.65478E-02 1.63127E-01 
-1.49608E-02 1.61482E-01 
-1.33651E-02 1.59826E-01 
-1.17624E-02 1.58160E-01 
-1.01542E-02 1.56486E-01 
-8.54211E-03 1.54805E-01 
-4.45984E-02 2.22823E-01 
-4.34990E-02 2.21532E-01 
-4.23630E-02 2.20197E-01 
-4.11914E-02 2.18820E-01 
-3.99850E-02 2.17399E-01 
-3.87451E-02 2.15938E-01 
-3.74728E-02 2.14438E-01 
-3.64670E-02 2.13250E-01 
-3.61695E-02 2.12899E-01 
-3.47312E-02 2.11198E-01 
-3.32605E-02 2.09458E-01 
-3.17593E-02 2.07679E-01 
-3.02299E-02 2.05864E-01 
-2.86743E-02 2.04016E-01 
-2.70948E-02 2.02136E-01 
-2.54935E-02 2.00228E-01 
-2.38726E-02 1.98294E-01 
-2.22342E-02 1.96336E-01 
-2.05806E-02 1.94356E-01 
-1.89139E-02 1.92358E-01 
-1.72359E-02 1.90343E-01 
-1.55488E-02 1.88314E-01 
-1.38544E-02 1.86272E-01 
-1.21544E-02 1.84221E-01 
-1.04507E-02 1.82161E-01 
-8.74486E-03 1.80094E-01 
-4.69216E-02 2.58020E-01 
-4.57405E-02 2.56433E-01 
-4.45210E-02 2.54793E-01 
-4.32640E-02 2.53100E-01 
-4.19707E-02 2.51357E-01 
-4.06424E-02 2.49564E-01 
-3.92804E-02 2.47724E-01 
-3.82045E-02 2.46268E-01 
-3.78864E-02 2.45838E-01 
-3.63493E-02 2.43755E-01 
-3.47789E-02 2.41624E-01 
-3.31776E-02 2.39448E-01 
-3.15477E-02 2.37229E-01 
-2.98915E-02 2.34971E-01 
-2.82116E-02 2.32677E-01 
-2.65102E-02 2.30349E-01 
-2.47900E-02 2.27991E-01 
-2.30531E-02 2.25607E-01 
-2.13021E-02 2.23198E-01 
-1.95391E-02 2.20768E-01 
-1.77664E-02 2.18320E-01 
-1.59861E-02 2.15856E-01 
-1.42002E-02 2.13379E-01 
-1.24108E-02 2.10893E-01 
-1.06197E-02 2.08398E-01 
-8.82859E-03 2.05898E-01 
-4.89593E-02 2.93697E-01 
-4.76988E-02 2.91778E-01 
-4.63983E-02 2.89796E-01 
-4.50588E-02 2.87753E-01 
-4.36815E-02 2.85648E-01 
-4.22682E-02 2.83485E-01 
-4.08202E-02 2.81267E-01 
-3.96771E-02 2.79513E-01 
-3.93393E-02 2.78994E-01 
-3.77079E-02 2.76486E-01 
-3.60429E-02 2.73922E-01 
-3.43467E-02 2.71305E-01 
-3.26220E-02 2.68639E-01 
-3.08714E-02 2.65927E-01 
-2.90975E-02 2.63174E-01 
-2.73031E-02 2.60383E-01 
-2.54908E-02 2.57559E-01 
-2.36632E-02 2.54704E-01 
-2.18228E-02 2.51823E-01 
-1.99722E-02 2.48919E-01 
-1.81136E-02 2.45995E-01 
-1.62495E-02 2.43056E-01 
-1.43821E-02 2.40104E-01 
-1.25133E-02 2.37142E-01 
-1.06453E-02 2.34174E-01 
-8.77986E-03 2.31202E-01 
-5.06807E-02 3.29036E-01 
-4.93439E-02 3.26753E-01 
-4.79656E-02 3.24396E-01 
-4.65470E-02 3.21966E-01 
-4.50897E-02 3.19466E-01 
-4.35954E-02 3.16899E-01 
-4.20658E-02 3.14266E-01 
-4.08593E-02 3.12185E-01 
-4.05029E-02 3.11570E-01 
-3.87828E-02 3.08598E-01 
-3.70289E-02 3.05561E-01 
-3.52441E-02 3.02464E-01 
-3.34313E-02 2.99312E-01 
-3.15934E-02 2.96108E-01 
-2.97332E-02 2.92857E-01 
-2.78536E-02 2.89565E-01 
-2.59576E-02 2.86235E-01 
-2.40480E-02 2.82873E-01 
-2.21275E-02 2.79482E-01 
-2.01988E-02 2.76067E-01 
-1.82644E-02 2.72633E-01 
-1.63269E-02 2.69183E-01 
-1.43885E-02 2.65721E-01 
-1.24516E-02 2.62252E-01 
-1.05182E-02 2.58777E-01 
-8.59023E-03 2.55302E-01 
-5.20555E-02 3.63113E-01 
-5.06462E-02 3.60438E-01 
-4.91943E-02 3.57677E-01 
-4.77011E-02 3.54833E-01 
-4.61685E-02 3.51908E-01 
-4.45984E-02 3.48905E-01 
-4.29926E-02 3.45829E-01 
-4.17270E-02 3.43399E-01 
-4.13534E-02 3.42681E-01 
-3.95510E-02 3.39212E-01 
-3.77153E-02 3.35671E-01 
-3.58494E-02 3.32062E-01 
-3.39563E-02 3.28391E-01 
-3.20393E-02 3.24663E-01 
-3.01014E-02 3.20885E-01 
-2.81458E-02 3.17060E-01 
-2.61756E-02 3.13196E-01 
-2.41938E-02 3.09297E-01 
-2.22035E-02 3.05369E-01 
-2.02074E-02 3.01416E-01 
-1.82082E-02 2.97445E-01 
-1.62087E-02 2.93459E-01 
-1.42113E-02 2.89463E-01 
-1.22183E-02 2.85462E-01 
-1.02319E-02 2.81459E-01 
-8.25429E-03 2.77459E-01 
-5.30604E-02 3.95034E-01 
-5.15833E-02 3.91945E-01 
-5.00627E-02 3.88758E-01 
-4.85003E-02 3.85477E-01 
-4.68980E-02 3.82104E-01 
-4.52579E-02 3.78645E-01 
-4.35823E-02 3.75102E-01 
-4.22628E-02 3.72306E-01 
-4.18734E-02 3.71480E-01 
-3.99964E-02 3.67492E-01 
-3.80870E-02 3.63423E-01 
-3.61483E-02 3.59279E-01 
-3.41838E-02 3.55068E-01 
-3.21969E-02 3.50795E-01 
-3.01909E-02 3.46467E-01 
-2.81694E-02 3.42091E-01 
-2.61354E-02 3.37673E-01 
-2.40924E-02 3.33220E-01 
-2.20435E-02 3.28736E-01 
-1.99916E-02 3.24230E-01 
-1.79396E-02 3.19706E-01 
-1.58904E-02 3.15170E-01 
-1.38465E-02 3.10627E-01 
-1.18103E-02 3.06083E-01 
-9.78423E-03 3.01542E-01 
-7.77032E-03 2.97008E-01 
-5.36793E-02 4.23967E-01 
-5.21397E-02 4.20449E-01 
-5.05562E-02 4.16822E-01 
-4.89307E-02 4.13090E-01 
-4.72651E-02 4.09257E-01 
-4.55620E-02 4.05327E-01 
-4.38236E-02 4.01305E-01 
-4.24559E-02 3.98133E-01 
-4.20525E-02 3.97196E-01 
-4.01095E-02 3.92674E-01 
-3.81351E-02 3.88065E-01 
-3.61330E-02 3.83375E-01 
-3.41068E-02 3.78613E-01 
-3.20601E-02 3.73785E-01 
-2.99967E-02 3.68899E-01 
-2.79200E-02 3.63963E-01 
-2.58337E-02 3.58984E-01 
-2.37411E-02 3.53970E-01 
-2.16455E-02 3.48927E-01 
-1.95501E-02 3.43863E-01 
-1.74580E-02 3.38784E-01 
-1.53720E-02 3.33697E-01 
-1.32948E-02 3.28608E-01 
-1.12290E-02 3.23522E-01 
-9.17680E-03 3.18444E-01 
-7.14054E-03 3.13381E-01 
-5.39029E-02 4.48953E-01 
-5.23076E-02 4.45004E-01 
-5.06682E-02 4.40936E-01 
-4.89868E-02 4.36753E-01 
-4.72657E-02 4.32458E-01 
-4.55075E-02 4.28059E-01 
-4.37147E-02 4.23559E-01 
-4.23057E-02 4.20013E-01 
-4.18903E-02 4.18966E-01 
-3.98909E-02 4.13915E-01 
-3.78618E-02 4.08770E-01 
-3.58069E-02 4.03539E-01 
-3.37300E-02 3.98232E-01 
-3.16349E-02 3.92857E-01 
-2.95256E-02 3.87422E-01 
-2.74059E-02 3.81936E-01 
-2.52794E-02 3.76408E-01 
-2.31497E-02 3.70846E-01 
-2.10204E-02 3.65258E-01 
-1.88947E-02 3.59652E-01 
-1.67757E-02 3.54035E-01 
-1.46665E-02 3.48414E-01 
-1.25698E-02 3.42797E-01 
-1.04881E-02 3.37189E-01 
-8.42395E-03 3.31597E-01 
-6.37947E-03 3.26026E-01 
-5.37340E-02 4.69866E-01 
-5.20892E-02 4.65487E-01 
-5.04005E-02 4.60978E-01 
-4.86702E-02 4.56344E-01 
-4.69009E-02 4.51590E-01 
-4.50952E-02 4.46723E-01 
-4.32562E-02 4.41749E-01 
-4.18121E-02 4.37832E-01 
-4.13867E-02 4.36675E-01 
-3.93404E-02 4.31100E-01 
-3.72665E-02 4.25426E-01 
-3.51689E-02 4.19663E-01 
-3.30519E-02 4.13821E-01 
-3.09194E-02 4.07908E-01 
-2.87757E-02 4.01936E-01 
-2.66246E-02 3.95914E-01 
-2.44700E-02 3.89851E-01 
-2.23157E-02 3.83757E-01 
-2.01653E-02 3.77640E-01 
-1.80221E-02 3.71510E-01 
-1.58895E-02 3.65375E-01 
-1.37704E-02 3.59243E-01 
-1.16677E-02 3.53120E-01 
-9.58398E-03 3.47015E-01 
-7.52168E-03 3.40933E-01 
-5.48300E-03 3.34881E-01 
-5.31773E-02 4.85907E-01 
-5.14906E-02 4.81112E-01 
-4.97606E-02 4.76179E-01 
-4.79898E-02 4.71112E-01 
-4.61808E-02 4.65917E-01 
-4.43368E-02 4.60603E-01 
-4.24608E-02 4.55176E-01 
-4.09893E-02 4.50904E-01 
-4.05560E-02 4.49644E-01 
-3.84737E-02 4.43570E-01 
-3.63660E-02 4.37395E-01 
-3.42373E-02 4.31127E-01 
-3.20920E-02 4.24779E-01 
-2.99343E-02 4.18361E-01 
-2.77685E-02 4.11885E-01 
-2.55988E-02 4.05360E-01 
-2.34290E-02 3.98799E-01 
-2.12632E-02 3.92210E-01 
-1.91050E-02 3.85604E-01 
-1.69580E-02 3.78990E-01 
-1.48253E-02 3.72378E-01 
-1.27101E-02 3.65776E-01 
-1.06152E-02 3.59192E-01 
-8.54329E-03 3.52633E-01 
-6.49673E-03 3.46108E-01 
-4.47772E-03 3.39622E-01 
-5.22462E-02 4.96849E-01 
-5.05256E-02 4.91662E-01 
-4.87626E-02 4.86329E-01 
-4.69599E-02 4.80855E-01 
-4.51205E-02 4.75248E-01 
-4.32475E-02 4.69515E-01 
-4.13442E-02 4.63665E-01 
-3.98529E-02 4.59064E-01 
-3.94140E-02 4.57707E-01 
-3.73068E-02 4.51171E-01 
-3.51769E-02 4.44531E-01 
-3.30289E-02 4.37798E-01 
-3.08675E-02 4.30986E-01 
-2.86969E-02 4.24105E-01 
-2.65217E-02 4.17168E-01 
-2.43461E-02 4.10187E-01 
-2.21742E-02 4.03173E-01 
-2.00101E-02 3.96138E-01 
-1.78575E-02 3.89092E-01 
-1.57199E-02 3.82045E-01 
-1.36007E-02 3.75008E-01 
-1.15030E-02 3.67990E-01 
-9.42956E-03 3.60998E-01 
-7.38304E-03 3.54043E-01 
-5.36579E-03 3.47130E-01 
-3.37995E-03 3.40267E-01 
-5.09617E-02 5.02530E-01 
-4.92157E-02 4.96985E-01 
-4.74287E-02 4.91287E-01 
-4.56033E-02 4.85443E-01 
-4.37428E-02 4.79461E-01 
-4.18507E-02 4.73350E-01 
-3.99303E-02 4.67119E-01 
-3.84272E-02 4.62221E-01 
-3.79852E-02 4.60777E-01 
-3.58646E-02 4.53827E-01 
-3.37244E-02 4.46772E-01 
-3.15693E-02 4.39626E-01 
-2.94040E-02 4.32402E-01 
-2.72332E-02 4.25113E-01 
-2.50613E-02 4.17772E-01 
-2.28929E-02 4.10392E-01 
-2.07321E-02 4.02985E-01 
-1.85829E-02 3.95564E-01 
-1.64491E-02 3.88139E-01 
-1.43344E-02 3.80723E-01 
-1.22420E-02 3.73324E-01 
-1.01750E-02 3.65955E-01 
-8.13627E-03 3.58622E-01 
-6.12831E-03 3.51335E-01 
-4.15342E-03 3.44102E-01 
-2.21365E-03 3.36931E-01 
-4.93457E-02 5.02949E-01 
-4.75834E-02 4.97087E-01 
-4.57815E-02 4.91068E-01 
-4.39431E-02 4.84899E-01 
-4.20715E-02 4.78589E-01 
-4.01704E-02 4.72148E-01 
-3.82434E-02 4.65585E-01 
-3.67369E-02 4.60431E-01 
-3.62942E-02 4.58912E-01 
-3.41721E-02 4.51605E-01 
-3.20337E-02 4.44195E-01 
-2.98838E-02 4.36696E-01 
-2.77273E-02 4.29124E-01 
-2.55690E-02 4.21491E-01 
-2.34134E-02 4.13811E-01 
-2.12651E-02 4.06100E-01 
-1.91284E-02 3.98369E-01 
-1.70072E-02 3.90631E-01 
-1.49055E-02 3.82899E-01 
-1.28268E-02 3.75184E-01 
-1.07743E-02 3.67498E-01 
-8.75107E-03 3.59850E-01 
-6.75990E-03 3.52250E-01 
-4.80324E-03 3.44707E-01 
-2.88327E-03 3.37229E-01 
-1.00194E-03 3.29824E-01 
-4.74299E-02 4.98221E-01 
-4.56606E-02 4.92092E-01 
-4.38536E-02 4.85803E-01 
-4.20121E-02 4.79362E-01 
-4.01398E-02 4.72779E-01 
-3.82403E-02 4.66065E-01 
-3.63174E-02 4.59230E-01 
-3.48160E-02 4.53866E-01 
-3.43751E-02 4.52286E-01 
-3.22637E-02 4.44689E-01 
-3.01394E-02 4.36993E-01 
-2.80073E-02 4.29213E-01 
-2.58723E-02 4.21364E-01 
-2.37392E-02 4.13461E-01 
-2.16129E-02 4.05519E-01 
-1.94977E-02 3.97552E-01 
-1.73979E-02 3.89574E-01 
-1.53177E-02 3.81599E-01 
-1.32608E-02 3.73639E-01 
-1.12308E-02 3.65707E-01 
-9.23083E-03 3.57813E-01 
-7.26386E-03 3.49968E-01 
-5.33251E-03 3.42183E-01 
-3.43917E-03 3.34466E-01 
-1.58590E-03 3.26825E-01 
2.25514E-04 3.19268E-01 
-4.52490E-02 4.88593E-01 
-4.34824E-02 4.82253E-01 
-4.16803E-02 4.75752E-01 
-3.98461E-02 4.69100E-01 
-3.79835E-02 4.62307E-01 
-3.60964E-02 4.55384E-01 
-3.41887E-02 4.48343E-01 
-3.27011E-02 4.42821E-01 
-3.22645E-02 4.41195E-01 
-3.01760E-02 4.33383E-01 
-2.80783E-02 4.25477E-01 
-2.59764E-02 4.17493E-01 
-2.38755E-02 4.09447E-01 
-2.17805E-02 4.01355E-01 
-1.96959E-02 3.93232E-01 
-1.76265E-02 3.85093E-01 
-1.55764E-02 3.76953E-01 
-1.35497E-02 3.68825E-01 
-1.15501E-02 3.60722E-01 
-9.58094E-03 3.52657E-01 
-7.64549E-03 3.44642E-01 
-5.74651E-03 3.36687E-01 
-3.88650E-03 3.28803E-01 
-2.06770E-03 3.20997E-01 
-2.92009E-04 3.13280E-01 
1.43893E-03 3.05657E-01 
-4.28395E-02 4.74409E-01 
-4.10856E-02 4.67920E-01 
-3.92986E-02 4.61271E-01 
-3.74821E-02 4.54474E-01 
-3.56400E-02 4.47538E-01 
-3.37762E-02 4.40475E-01 
-3.18948E-02 4.33298E-01 
-3.04297E-02 4.27675E-01 
-3.00000E-02 4.26020E-01 
-2.79467E-02 4.18072E-01 
-2.58879E-02 4.10038E-01 
-2.38288E-02 4.01933E-01 
-2.17746E-02 3.93775E-01 
-1.97299E-02 3.85579E-01 
-1.76997E-02 3.77362E-01 
-1.56884E-02 3.69138E-01 
-1.37001E-02 3.60922E-01 
-1.17389E-02 3.52730E-01 
-9.80838E-03 3.44573E-01 
-7.91181E-03 3.36465E-01 
-6.05220E-03 3.28418E-01 
-4.23224E-03 3.20442E-01 
-2.45426E-03 3.12546E-01 
-7.20330E-04 3.04741E-01 
9.67834E-04 2.97034E-01 
2.60877E-03 2.89433E-01 
-4.02461E-02 4.56141E-01 
-3.85151E-02 4.49568E-01 
-3.67536E-02 4.42839E-01 
-3.49655E-02 4.35965E-01 
-3.31546E-02 4.28957E-01 
-3.13251E-02 4.21828E-01 
-2.94810E-02 4.14590E-01 
-2.80469E-02 4.08923E-01 
-2.76267E-02 4.07256E-01 
-2.56207E-02 3.99257E-01 
-2.36131E-02 3.91180E-01 
-2.16088E-02 3.83041E-01 
-1.96132E-02 3.74857E-01 
-1.76311E-02 3.66645E-01 
-1.56670E-02 3.58422E-01 
-1.37255E-02 3.50202E-01 
-1.18106E-02 3.42002E-01 
-9.92617E-03 3.33834E-01 
-8.07567E-03 3.25714E-01 
-6.26229E-03 3.17652E-01 
-4.48884E-03 3.09662E-01 
-2.75783E-03 3.01753E-01 
-1.07141E-03 2.93935E-01 
5.68554E-04 2.86218E-01 
2.16054E-03 2.78608E-01 
3.70330E-03 2.71114E-01 
-3.75037E-02 4.34246E-01 
-3.58058E-02 4.27656E-01 
-3.40804E-02 4.20916E-01 
-3.23312E-02 4.14037E-01 
-3.05624E-02 4.07030E-01 
-2.87780E-02 3.99908E-01 
-2.69824E-02 3.92685E-01 
-2.55879E-02 3.87035E-01 
-2.51797E-02 3.85374E-01 
-2.32330E-02 3.77408E-01 
-2.12883E-02 3.69373E-01 
-1.93509E-02 3.61285E-01 
-1.74258E-02 3.53164E-01 
-1.55177E-02 3.45025E-01 
-1.36313E-02 3.36884E-01 
-1.17708E-02 3.28758E-01 
-9.94027E-03 3.20661E-01 
-8.14326E-03 3.12608E-01 
-6.38314E-03 3.04612E-01 
-4.66289E-03 2.96685E-01 
-2.98515E-03 2.88838E-01 
-1.35220E-03 2.81083E-01 
2.34020E-04 2.73429E-01 
1.77185E-03 2.65884E-01 
3.26000E-03 2.58455E-01 
4.69743E-03 2.51150E-01 
-3.46856E-02 4.09552E-01 
-3.30306E-02 4.03014E-01 
-3.13511E-02 3.96332E-01 
-2.96510E-02 3.89518E-01 
-2.79343E-02 3.82584E-01 
-2.62053E-02 3.75544E-01 
-2.44681E-02 3.68410E-01 
-2.31211E-02 3.62835E-01 
-2.27271E-02 3.61196E-01 
-2.08505E-02 3.53345E-01 
-1.89796E-02 3.45435E-01 
-1.71194E-02 3.37484E-01 
-1.52751E-02 3.29509E-01 
-1.34512E-02 3.21527E-01 
-1.16522E-02 3.13553E-01 
-9.88213E-03 3.05605E-01 
-8.14491E-03 2.97695E-01 
-6.44397E-03 2.89839E-01 
-4.78243E-03 2.82050E-01 
-3.16306E-03 2.74339E-01 
-1.58826E-03 2.66718E-01 
-6.01076E-05 2.59197E-01 
1.41969E-03 2.51784E-01 
2.84973E-03 2.44488E-01 
4.22893E-03 2.37315E-01 
5.55649E-03 2.30273E-01 
-3.17864E-02 3.82235E-01 
-3.01847E-02 3.75814E-01 
-2.85616E-02 3.69259E-01 
-2.69210E-02 3.62580E-01 
-2.52671E-02 3.55791E-01 
-2.36040E-02 3.48904E-01 
-2.19361E-02 3.41933E-01 
-2.06448E-02 3.36491E-01 
-2.02674E-02 3.34892E-01 
-1.84722E-02 3.27238E-01 
-1.66863E-02 3.19535E-01 
-1.49145E-02 3.11802E-01 
-1.31619E-02 3.04056E-01 
-1.14327E-02 2.96313E-01 
-9.73132E-03 2.88590E-01 
-8.06169E-03 2.80901E-01 
-6.42738E-03 2.73261E-01 
-4.83164E-03 2.65683E-01 
-3.27736E-03 2.58181E-01 
-1.76705E-03 2.50765E-01 
-3.02898E-04 2.43447E-01 
1.11330E-03 2.36236E-01 
2.48007E-03 2.29140E-01 
3.79626E-03 2.22167E-01 
5.06103E-03 2.15323E-01 
6.27383E-03 2.08614E-01 
-2.88740E-02 3.53129E-01 
-2.73351E-02 3.46891E-01 
-2.57780E-02 3.40527E-01 
-2.42067E-02 3.34050E-01 
-2.26253E-02 3.27473E-01 
-2.10378E-02 3.20808E-01 
-1.94486E-02 3.14069E-01 
-1.82203E-02 3.08812E-01 
-1.78617E-02 3.07269E-01 
-1.61580E-02 2.99886E-01 
-1.44667E-02 2.92467E-01 
-1.27929E-02 2.85028E-01 
-1.11409E-02 2.77586E-01 
-9.51530E-03 2.70158E-01 
-7.91997E-03 2.62759E-01 
-6.35865E-03 2.55403E-01 
-4.83470E-03 2.48106E-01 
-3.35110E-03 2.40879E-01 
-1.91048E-03 2.33734E-01 
-5.15105E-04 2.26683E-01 
8.33129E-04 2.19736E-01 
2.13267E-03 2.12901E-01 
3.38232E-03 2.06187E-01 
4.58118E-03 1.99599E-01 
5.72865E-03 1.93144E-01 
6.82442E-03 1.86827E-01 
-2.59877E-02 3.22845E-01 
-2.45208E-02 3.16848E-01 
-2.30389E-02 3.10736E-01 
-2.15460E-02 3.04522E-01 
-2.00460E-02 2.98219E-01 
-1.85431E-02 2.91838E-01 
-1.70413E-02 2.85394E-01 
-1.58827E-02 2.80373E-01 
-1.55448E-02 2.78900E-01 
-1.39415E-02 2.71857E-01 
-1.23537E-02 2.64789E-01 
-1.07860E-02 2.57712E-01 
-9.24281E-03 2.50643E-01 
-7.72820E-03 2.43596E-01 
-6.24596E-03 2.36588E-01 
-4.79951E-03 2.29631E-01 
-3.39194E-03 2.22739E-01 
-2.02596E-03 2.15925E-01 
-7.03908E-04 2.09200E-01 
5.72234E-04 2.02574E-01 
1.80085E-03 1.96055E-01 
2.98065E-03 1.89653E-01 
4.11072E-03 1.83374E-01 
5.19040E-03 1.77225E-01 
6.21936E-03 1.71210E-01 
7.19752E-03 1.65333E-01 
-2.31646E-02 2.91973E-01 
-2.17781E-02 2.86271E-01 
-2.03798E-02 2.80466E-01 
-1.89735E-02 2.74570E-01 
-1.75631E-02 2.68596E-01 
-1.61527E-02 2.62556E-01 
-1.47462E-02 2.56463E-01 
-1.36631E-02 2.51720E-01 
-1.33475E-02 2.50330E-01 
-1.18525E-02 2.43688E-01 
-1.03756E-02 2.37031E-01 
-8.92109E-03 2.30375E-01 
-7.49324E-03 2.23736E-01 
-6.09577E-03 2.17129E-01 
-4.73220E-03 2.10567E-01 
-3.40566E-03 2.04064E-01 
-2.11894E-03 1.97633E-01 
-8.74441E-04 1.91284E-01 
3.25790E-04 1.85028E-01 
1.48006E-03 1.78875E-01 
2.58704E-03 1.72833E-01 
3.64574E-03 1.66909E-01 
4.65547E-03 1.61109E-01 
5.61586E-03 1.55439E-01 
6.52681E-03 1.49902E-01 
7.38846E-03 1.44504E-01 
-2.04386E-02 2.61080E-01 
-1.91400E-02 2.55719E-01 
-1.78326E-02 2.50268E-01 
-1.65203E-02 2.44738E-01 
-1.52066E-02 2.39141E-01 
-1.38956E-02 2.33489E-01 
-1.25910E-02 2.27794E-01 
-1.15883E-02 2.23367E-01 
-1.12965E-02 2.22070E-01 
-9.91621E-03 2.15878E-01 
-8.55615E-03 2.09682E-01 
-7.22045E-03 2.03497E-01 
-5.91295E-03 1.97337E-01 
-4.63712E-03 1.91215E-01 
-3.39615E-03 1.85146E-01 
-2.19287E-03 1.79141E-01 
-1.02974E-03 1.73212E-01 
9.11476E-05 1.67370E-01 
1.16806E-03 1.61623E-01 
2.19959E-03 1.55980E-01 
3.18471E-03 1.50449E-01 
4.12270E-03 1.45036E-01 
5.01313E-03 1.39747E-01 
5.85588E-03 1.34585E-01 
6.65106E-03 1.29555E-01 
7.39904E-03 1.24659E-01 
-1.78391E-02 2.30681E-01 
-1.66349E-02 2.25702E-01 
-1.54249E-02 2.20644E-01 
-1.42125E-02 2.15518E-01 
-1.30015E-02 2.10337E-01 
-1.17956E-02 2.05112E-01 
-1.05981E-02 1.99855E-01 
-9.67972E-03 1.95772E-01 
-9.41277E-03 1.94577E-01 
-8.15204E-03 1.88876E-01 
-6.91327E-03 1.83180E-01 
-5.70023E-03 1.77503E-01 
-4.51644E-03 1.71858E-01 
-3.36503E-03 1.66258E-01 
-2.24886E-03 1.60716E-01 
-1.17040E-03 1.55241E-01 
-1.31813E-04 1.49845E-01 
8.65143E-04 1.44538E-01 
1.81904E-03 1.39327E-01 
2.72879E-03 1.34220E-01 
3.59361E-03 1.29224E-01 
4.41307E-03 1.24343E-01 
5.18699E-03 1.19583E-01 
5.91546E-03 1.14947E-01 
6.59881E-03 1.10439E-01 
7.23759E-03 1.06059E-01 
-1.53919E-02 2.01252E-01 
-1.42874E-02 1.96684E-01 
-1.31797E-02 1.92050E-01 
-1.20722E-02 1.87360E-01 
-1.09683E-02 1.82624E-01 
-9.87142E-03 1.77855E-01 
-8.78494E-03 1.73063E-01 
-7.95346E-03 1.69346E-01 
-7.71209E-03 1.68259E-01 
-6.57412E-03 1.63078E-01 
-5.45928E-03 1.57910E-01 
-4.37099E-03 1.52768E-01 
-3.31242E-03 1.47663E-01 
-2.28634E-03 1.42608E-01 
-1.29526E-03 1.37614E-01 
-3.41323E-04 1.32690E-01 
5.73667E-04 1.27846E-01 
1.44825E-03 1.23090E-01 
2.28132E-03 1.18430E-01 
3.07207E-03 1.13871E-01 
3.81999E-03 1.09420E-01 
4.52488E-03 1.05082E-01 
5.18682E-03 1.00859E-01 
5.80607E-03 9.67545E-02 
6.38317E-03 9.27711E-02 
6.91883E-03 8.89101E-02 
-1.31176E-02 1.73204E-01 
-1.21166E-02 1.69068E-01 
-1.11148E-02 1.64878E-01 
-1.01153E-02 1.60644E-01 
-9.12142E-03 1.56374E-01 
-8.13623E-03 1.52080E-01 
-7.16283E-03 1.47771E-01 
-6.41963E-03 1.44434E-01 
-6.20418E-03 1.43458E-01 
-5.19028E-03 1.38815E-01 
-4.20015E-03 1.34191E-01 
-3.23680E-03 1.29598E-01 
-2.30304E-03 1.25046E-01 
-1.40129E-03 1.20548E-01 
-5.33698E-04 1.16111E-01 
2.97940E-04 1.11746E-01 
1.09215E-03 1.07460E-01 
1.84779E-03 1.03260E-01 
2.56404E-03 9.91535E-02 
3.24035E-03 9.51449E-02 
3.87650E-03 9.12390E-02 
4.47248E-03 8.74396E-02 
5.02857E-03 8.37495E-02 
5.54524E-03 8.01711E-02 
6.02316E-03 7.67057E-02 
6.46315E-03 7.33542E-02 
-1.10282E-02 1.46834E-01 
-1.01332E-02 1.43145E-01 
-9.23942E-03 1.39412E-01 
-8.34980E-03 1.35644E-01 
-7.46727E-03 1.31850E-01 
-6.59475E-03 1.28041E-01 
-5.73500E-03 1.24225E-01 
-5.08021E-03 1.21273E-01 
-4.89067E-03 1.20411E-01 
-4.00046E-03 1.16312E-01 
-3.13406E-03 1.12237E-01 
-2.29412E-03 1.08197E-01 
-1.48305E-03 1.04201E-01 
-7.02917E-04 1.00259E-01 
4.44923E-05 9.63801E-02 
7.57720E-04 9.25709E-02 
1.43561E-03 8.88386E-02 
2.07732E-03 8.51894E-02 
2.68230E-03 8.16285E-02 
3.25025E-03 7.81604E-02 
3.78117E-03 7.47887E-02 
4.27526E-03 7.15163E-02 
4.73296E-03 6.83453E-02 
5.15487E-03 6.52775E-02 
5.54179E-03 6.23134E-02 
5.89465E-03 5.94536E-02 
-9.15192E-03 1.22647E-01 
-8.36265E-03 1.19403E-01 
-7.57631E-03 1.16125E-01 
-6.79557E-03 1.12822E-01 
-6.02305E-03 1.09502E-01 
-5.26138E-03 1.06172E-01 
-4.51299E-03 1.02843E-01 
-3.94454E-03 1.00271E-01 
-3.78025E-03 9.95205E-02 
-3.01025E-03 9.59562E-02 
-2.26354E-03 9.24199E-02 
-1.54241E-03 8.89205E-02 
-8.48898E-04 8.54669E-02 
-1.84693E-04 8.20669E-02 
4.48749E-04 7.87277E-02 
1.05029E-03 7.54559E-02 
1.61908E-03 7.22573E-02 
2.15454E-03 6.91369E-02 
2.65636E-03 6.60990E-02 
3.12447E-03 6.31471E-02 
3.55905E-03 6.02839E-02 
3.96047E-03 5.75118E-02 
4.32929E-03 5.48321E-02 
4.66622E-03 5.22458E-02 
4.97215E-03 4.97532E-02 
5.24805E-03 4.73543E-02 
-7.46989E-03 1.00535E-01 
-6.78576E-03 9.77332E-02 
-6.10588E-03 9.49065E-02 
-5.43261E-03 9.20622E-02 
-4.76829E-03 8.92076E-02 
-4.11522E-03 8.63504E-02 
-3.47552E-03 8.34978E-02 
-2.99103E-03 8.12982E-02 
-2.85124E-03 8.06568E-02 
-2.19754E-03 7.76147E-02 
-1.56611E-03 7.46026E-02 
-9.58844E-04 7.16283E-02 
-3.77406E-04 6.86993E-02 
1.76846E-04 6.58221E-02 
7.02787E-04 6.30029E-02 
1.19958E-03 6.02469E-02 
1.66664E-03 5.75590E-02 
2.10363E-03 5.49431E-02 
2.51046E-03 5.24026E-02 
2.88725E-03 4.99401E-02 
3.23431E-03 4.75578E-02 
3.55215E-03 4.52570E-02 
3.84142E-03 4.30388E-02 
4.10290E-03 4.09034E-02 
4.33751E-03 3.88510E-02 
4.54625E-03 3.68809E-02 
-5.99649E-03 8.08099E-02 
-5.41431E-03 7.84344E-02 
-4.83729E-03 7.60419E-02 
-4.26750E-03 7.36386E-02 
-3.70695E-03 7.12310E-02 
-3.15763E-03 6.88255E-02 
-2.62133E-03 6.64282E-02 
-2.21642E-03 6.45830E-02 
-2.09980E-03 6.40455E-02 
-1.55579E-03 6.14993E-02 
-1.03253E-03 5.89838E-02 
-5.31560E-04 5.65056E-02 
-5.41932E-05 5.40707E-02 
3.98530E-04 5.16846E-02 
8.25784E-04 4.93522E-02 
1.22699E-03 4.70779E-02 
1.60182E-03 4.48653E-02 
1.95012E-03 4.27176E-02 
2.27199E-03 4.06372E-02 
2.56768E-03 3.86261E-02 
2.83763E-03 3.66857E-02 
3.08241E-03 3.48170E-02 
3.30273E-03 3.30202E-02 
3.49942E-03 3.12954E-02 
3.67338E-03 2.96423E-02 
3.82558E-03 2.80601E-02 
-4.72771E-03 6.35358E-02 
-4.24249E-03 6.15637E-02 
-3.76296E-03 5.95809E-02 
-3.29087E-03 5.75928E-02 
-2.82792E-03 5.56049E-02 
-2.37576E-03 5.36227E-02 
-1.93591E-03 5.16513E-02 
-1.60491E-03 5.01367E-02 
-1.50977E-03 4.96959E-02 
-1.06712E-03 4.76111E-02 
-6.43296E-04 4.55562E-02 
-2.39504E-04 4.35367E-02 
1.43259E-04 4.15576E-02 
5.04239E-04 3.96230E-02 
8.42870E-04 3.77370E-02 
1.15881E-03 3.59029E-02 
1.45191E-03 3.41234E-02 
1.72220E-03 3.24008E-02 
1.96991E-03 3.07371E-02 
2.19538E-03 2.91333E-02 
2.39912E-03 2.75904E-02 
2.58176E-03 2.61089E-02 
2.74402E-03 2.46887E-02 
2.88669E-03 2.33295E-02 
3.01066E-03 2.20308E-02 
3.11685E-03 2.07916E-02 
-3.65591E-03 4.87186E-02 
-3.26095E-03 4.71195E-02 
-2.87182E-03 4.55149E-02 
-2.48997E-03 4.39093E-02 
-2.11679E-03 4.23070E-02 
-1.75365E-03 4.07127E-02 
-1.40173E-03 3.91307E-02 
-1.13787E-03 3.79176E-02 
-1.06218E-03 3.75650E-02 
-7.11051E-04 3.58997E-02 
-3.76524E-04 3.42625E-02 
-5.94929E-05 3.26578E-02 
2.39323E-04 3.10895E-02 
5.19416E-04 2.95607E-02 
7.80443E-04 2.80745E-02 
1.02224E-03 2.66334E-02 
1.24483E-03 2.52394E-02 
1.44835E-03 2.38940E-02 
1.63310E-03 2.25985E-02 
1.79952E-03 2.13537E-02 
1.94813E-03 2.01598E-02 
2.07956E-03 1.90171E-02 
2.19450E-03 1.79253E-02 
2.29371E-03 1.68838E-02 
2.37800E-03 1.58919E-02 
2.44821E-03 1.49486E-02 
-2.76948E-03 3.62985E-02 
-2.45654E-03 3.50364E-02 
-2.14923E-03 3.37727E-02 
-1.84872E-03 3.25108E-02 
-1.55613E-03 3.12545E-02 
-1.27250E-03 3.00074E-02 
-9.98789E-04 2.87727E-02 
-7.94353E-04 2.78281E-02 
-7.35847E-04 2.75538E-02 
-4.65253E-04 2.62608E-02 
-2.08836E-04 2.49933E-02 
3.27756E-05 2.37545E-02 
2.59101E-04 2.25472E-02 
4.69835E-04 2.13741E-02 
6.64808E-04 2.02371E-02 
8.44004E-04 1.91381E-02 
1.00754E-03 1.80785E-02 
1.15564E-03 1.70592E-02 
1.28867E-03 1.60810E-02 
1.40706E-03 1.51442E-02 
1.51133E-03 1.42489E-02 
1.60208E-03 1.33949E-02 
1.67995E-03 1.25817E-02 
1.74562E-03 1.18089E-02 
1.79981E-03 1.10755E-02 
1.84325E-03 1.03806E-02 
-2.05408E-03 2.61661E-02 
-1.81360E-03 2.52004E-02 
-1.57828E-03 2.42356E-02 
-1.34903E-03 2.32746E-02 
-1.12669E-03 2.23201E-02 
-9.12074E-04 2.13750E-02 
-7.05871E-04 2.04419E-02 
-5.52498E-04 1.97297E-02 
-5.08713E-04 1.95232E-02 
-3.06870E-04 1.85514E-02 
-1.16704E-04 1.76017E-02 
6.13743E-05 1.66765E-02 
2.27075E-04 1.57778E-02 
3.80249E-04 1.49073E-02 
5.20857E-04 1.40667E-02 
6.48977E-04 1.32569E-02 
7.64790E-04 1.24788E-02 
8.68572E-04 1.17331E-02 
9.60678E-04 1.10201E-02 
1.04153E-03 1.03397E-02 
1.11162E-03 9.69202E-03 
1.17147E-03 9.07656E-03 
1.22164E-03 8.49283E-03 
1.26273E-03 7.94019E-03 
1.29534E-03 7.41784E-03 
1.32008E-03 6.92489E-03 
-1.49062E-03 1.81321E-02 
-1.31230E-03 1.74198E-02 
-1.13847E-03 1.67100E-02 
-9.69788E-04 1.60049E-02 
-8.06882E-04 1.53064E-02 
-6.50328E-04 1.46169E-02 
-5.00622E-04 1.39380E-02 
-3.89762E-04 1.34212E-02 
-3.58196E-04 1.32716E-02 
-2.13190E-04 1.25690E-02 
-7.74099E-05 1.18847E-02 
4.89034E-05 1.12204E-02 
1.65604E-04 1.05775E-02 
2.72652E-04 9.95711E-03 
3.70093E-04 9.36018E-03 
4.58062E-04 8.78742E-03 
5.36767E-04 8.23928E-03 
6.06485E-04 7.71602E-03 
6.67549E-04 7.21772E-03 
7.20341E-04 6.74427E-03 
7.65281E-04 6.29539E-03 
8.02816E-04 5.87068E-03 
8.33414E-04 5.46960E-03 
8.57557E-04 5.09154E-03 
8.75730E-04 4.73578E-03 
8.88415E-04 4.40153E-03 
-1.06291E-03 1.20354E-02 
-9.35598E-04 1.15307E-02 
-8.11965E-04 1.10292E-02 
-6.92489E-04 1.05325E-02 
-5.77605E-04 1.00420E-02 
-4.67707E-04 9.55926E-03 
-3.63125E-04 9.08555E-03 
-2.86033E-04 8.72602E-03 
-2.64140E-04 8.62213E-03 
-1.63932E-04 8.13527E-03 
-7.06871E-05 7.66293E-03 
1.54742E-05 7.20617E-03 
9.45028E-05 6.76590E-03 
1.66428E-04 6.34280E-03 
2.31341E-04 5.93743E-03 
2.89394E-04 5.55014E-03 
3.40792E-04 5.18112E-03 
3.85788E-04 4.83043E-03 
4.24669E-04 4.49799E-03 
4.57754E-04 4.18358E-03 
4.85386E-04 3.88688E-03 
5.07922E-04 3.60749E-03 
5.25729E-04 3.34492E-03 
5.39176E-04 3.09862E-03 
5.48633E-04 2.86798E-03 
5.54464E-04 2.65237E-03 
-7.47666E-04 7.59856E-03 
-6.60461E-04 7.25716E-03 
-5.76109E-04 6.91902E-03 
-4.94928E-04 6.58520E-03 
-4.17205E-04 6.25672E-03 
-3.43192E-04 5.93456E-03 
-2.73094E-04 5.61961E-03 
-2.21650E-04 5.38137E-03 
-2.07079E-04 5.31266E-03 
-1.40614E-04 4.99149E-03 
-7.91393E-05 4.68125E-03 
-2.26968E-05 4.38257E-03 
2.87218E-05 4.09599E-03 
7.51785E-05 3.82187E-03 
1.16777E-04 3.56048E-03 
1.53664E-04 3.31197E-03 
1.86018E-04 3.07637E-03 
2.14047E-04 2.85359E-03 
2.37983E-04 2.64349E-03 
2.58073E-04 2.44583E-03 
2.74577E-04 2.26029E-03 
2.87762E-04 2.08651E-03 
2.97899E-04 1.92409E-03 
3.05254E-04 1.77257E-03 
3.10091E-04 1.63147E-03 
3.12666E-04 1.50031E-03 
-5.23490E-04 4.55580E-03 
-4.66056E-04 4.33551E-03 
-4.10705E-04 4.11812E-03 
-3.57636E-04 3.90432E-03 
-3.07027E-04 3.69477E-03 
-2.59028E-04 3.49009E-03 
-2.13759E-04 3.29082E-03 
-1.80664E-04 3.14067E-03 
-1.71311E-04 3.09746E-03 
-1.28771E-04 2.89607E-03 
-8.96184E-05 2.70250E-03 
-5.38539E-05 2.51708E-03 
-2.14430E-05 2.34010E-03 
7.68337E-06 2.17172E-03 
3.36209E-05 2.01203E-03 
5.64910E-05 1.86106E-03 
7.64353E-05 1.71873E-03 
9.36121E-05 1.58494E-03 
1.08192E-04 1.45950E-03 
1.20355E-04 1.34220E-03 
1.30284E-04 1.23276E-03 
1.38166E-04 1.13089E-03 
1.44185E-04 1.03627E-03 
1.48522E-04 9.48561E-04 
1.51353E-04 8.67410E-04 
1.52846E-04 7.92461E-04 
-3.68952E-04 2.62392E-03 
-3.32096E-04 2.48659E-03 
-2.96682E-04 2.35165E-03 
-2.62831E-04 2.21951E-03 
-2.30644E-04 2.09059E-03 
-2.00210E-04 1.96526E-03 
-1.71591E-04 1.84383E-03 
-1.50722E-04 1.75273E-03 
-1.44833E-04 1.72659E-03 
-1.18094E-04 1.60513E-03 
-9.35531E-05 1.48906E-03 
-7.11930E-05 1.37853E-03 
-5.09740E-05 1.27366E-03 
-3.28356E-05 1.17451E-03 
-1.67012E-05 1.08108E-03 
-2.47925E-06 9.93315E-04 
9.93302E-06 9.11130E-04 
2.06471E-05 8.34394E-04 
2.97807E-05 7.62945E-04 
3.74545E-05 6.96596E-04 
4.37908E-05 6.35139E-04 
4.89111E-05 5.78347E-04 
5.29342E-05 5.25983E-04 
5.59753E-05 4.77806E-04 
5.81443E-05 4.33568E-04 
5.95454E-05 3.93022E-04 
-2.63701E-04 1.51689E-03 
-2.39899E-04 1.43014E-03 
-2.17080E-04 1.34532E-03 
-1.95314E-04 1.26270E-03 
-1.74662E-04 1.18254E-03 
-1.55170E-04 1.10505E-03 
-1.36870E-04 1.03041E-03 
-1.23543E-04 9.74719E-04 
-1.19784E-04 9.58784E-04 
-1.02727E-04 8.85067E-04 
-8.70822E-05 8.15103E-04 
-7.28260E-05 7.48961E-04 
-5.99237E-05 6.86670E-04 
-4.83272E-05 6.28221E-04 
-3.79793E-05 5.73570E-04 
-2.88147E-05 5.22645E-04 
-2.07618E-05 4.75345E-04 
-1.37452E-05 4.31550E-04 
-7.68665E-06 3.91120E-04 
-2.50721E-06 3.53902E-04 
1.87169E-06 3.19732E-04 
5.52699E-06 2.88440E-04 
8.53308E-06 2.59852E-04 
1.09609E-05 2.33794E-04 
1.28777E-05 2.10092E-04 
1.43460E-05 1.88575E-04 
-1.89494E-04 9.58927E-04 
-1.73288E-04 8.97534E-04 
-1.57804E-04 8.37940E-04 
-1.43082E-04 7.80326E-04 
-1.29157E-04 7.24852E-04 
-1.16054E-04 6.71656E-04 
-1.03787E-04 6.20844E-04 
-9.48736E-05 5.83218E-04 
-9.23624E-05 5.72499E-04 
-8.09834E-05 5.23200E-04 
-7.05654E-05 4.76871E-04 
-6.10844E-05 4.33518E-04 
-5.25082E-05 3.93117E-04 
-4.47969E-05 3.55616E-04 
-3.79053E-05 3.20940E-04 
-3.17838E-05 2.88995E-04 
-2.63801E-05 2.59669E-04 
-2.16398E-05 2.32840E-04 
-1.75084E-05 2.08372E-04 
-1.39315E-05 1.86128E-04 
-1.08562E-05 1.65964E-04 
-8.23137E-06 1.47736E-04 
-6.00854E-06 1.31301E-04 
-4.14201E-06 1.16519E-04 
-2.58922E-06 1.03256E-04 
-1.31092E-06 9.13801E-05 
-1.30994E-04 6.95857E-04 
-1.19105E-04 6.42626E-04 
-1.07857E-04 5.91646E-04 
-9.72741E-05 5.43047E-04 
-8.73685E-05 4.96928E-04 
-7.81467E-05 4.53364E-04 
-6.96068E-05 4.12396E-04 
-6.34616E-05 3.82489E-04 
-6.17401E-05 3.74039E-04 
-5.39943E-05 3.35595E-04 
-4.69871E-05 3.00128E-04 
-4.06856E-05 2.67566E-04 
-3.50523E-05 2.37809E-04 
-3.00452E-05 2.10739E-04 
-2.56203E-05 1.86220E-04 
-2.17319E-05 1.64104E-04 
-1.83341E-05 1.44236E-04 
-1.53812E-05 1.26456E-04 
-1.28291E-05 1.10603E-04 
-1.06353E-05 9.65171E-05 
-8.75968E-06 8.40436E-05 
-7.16480E-06 7.30323E-05 
-5.81603E-06 6.33408E-05 
-4.68172E-06 5.48350E-05 
-3.73316E-06 4.73895E-05 
-2.94459E-06 4.08885E-05 
0.00000E+00 0.00000E+00 
0.00000E+00 0.00000E+00 
0.00000E+00 0.00000E+00 
0.00000E+00 0.00000E+00 
0.00000E+00 0.00000E+00 
0.00000E+00 0.00000E+00 
0.00000E+00 0.00000E+00 
0.00000E+00 0.00000E+00 
0.00000E+00 0.00000E+00 
0.00000E+00 0.00000E+00 
0.00000E+00 0.00000E+00 
0.00000E+00 0.00000E+00 
0.00000E+00 0.00000E+00 
0.00000E+00 0.00000E+00 
0.00000E+00 0.00000E+00 
0.00000E+00 0.00000E+00 
0.00000E+00 0.00000E+00 
0.00000E+00 0.00000E+00 
0.00000E+00 0.00000E+00 
0.00000E+00 0.00000E+00 
0.00000E+00 0.00000E+00 
0.00000E+00 0.00000E+00 
0.00000E+00 0.00000E+00 
0.00000E+00 0.00000E+00 
0.00000E+00 0.00000E+00 
0.00000E+00 0.00000E+00 
---
